Sample	callRate	nCalled	nNotCalled	nHomRef	nHet	nHomVar	nSNP	nInsertion	nDeletion	nSingleton	nTransition	nTransversion	dpMean	dpStDev	gqMean	gqStDev	nNonRef	rTiTv	rHetHomVar	rInsertionDeletion
10C_LH_1	8.98146e-01	419180	47537	371332	31085	16763	58449	2753	3409	133	41823	16626	3.77504e+01	3.58410e+01	6.62622e+01	2.90079e+01	47848	2.51552e+00	1.85438e+00	8.07568e-01
71R_CS_1	8.92106e-01	416361	50356	368971	30642	16748	57779	2859	3500	226	41661	16118	3.23875e+01	3.12323e+01	6.17388e+01	2.81085e+01	47390	2.58475e+00	1.82959e+00	8.16857e-01
369BY_RP_1	9.87440e-01	460855	5862	401407	37824	21624	71969	4104	4999	602	51255	20714	4.74374e+01	4.44378e+01	7.22771e+01	2.57905e+01	59448	2.47441e+00	1.74917e+00	8.20964e-01
9C_DH_1	8.96552e-01	418436	48281	370640	30291	17505	59093	2860	3348	257	42222	16871	3.86160e+01	3.71840e+01	6.66697e+01	2.89203e+01	47796	2.50264e+00	1.73042e+00	8.54241e-01
294EV_KH_1	9.76847e-01	455911	10806	400428	35444	20039	66965	3966	4591	59	48021	18944	2.86532e+01	2.61269e+01	5.85831e+01	2.78953e+01	55483	2.53489e+00	1.76875e+00	8.63864e-01
342FX_ZR_1	9.77535e-01	456232	10485	401418	35151	19663	66862	3511	4104	609	47699	19163	2.87576e+01	2.51532e+01	5.86316e+01	2.81558e+01	54814	2.48912e+00	1.78767e+00	8.55507e-01
314FD_GF_1	9.80134e-01	457445	9272	400794	32941	23710	71268	4230	4863	106	50957	20311	3.11741e+01	2.70917e+01	6.17832e+01	2.71800e+01	56651	2.50884e+00	1.38933e+00	8.69833e-01
121BD_GW_1	8.93563e-01	417041	49676	371239	29634	16168	55975	2764	3231	229	40278	15697	3.17370e+01	2.97435e+01	6.11753e+01	2.82207e+01	45802	2.56597e+00	1.83288e+00	8.55463e-01
354HJ_ES_1	9.88222e-01	461220	5497	401984	39346	19890	69399	4183	5544	722	49177	20222	6.09081e+01	5.83160e+01	7.78219e+01	2.43235e+01	59236	2.43186e+00	1.97818e+00	7.54509e-01
302EX_MD_1	9.21055e-01	429872	36845	377148	33957	18767	63256	3701	4534	307	45409	17847	2.95464e+01	2.78300e+01	5.85329e+01	2.87307e+01	52724	2.54435e+00	1.80940e+00	8.16277e-01
356HL_WM_1	9.87768e-01	461008	5709	400993	39349	20666	70928	4256	5497	778	50105	20823	5.70117e+01	5.62549e+01	7.58862e+01	2.48618e+01	60015	2.40623e+00	1.90405e+00	7.74240e-01
370BP_BB_1	9.85175e-01	459798	6919	402989	35473	21336	70306	3719	4120	1318	50243	20063	3.92897e+01	3.55848e+01	6.63267e+01	2.72812e+01	56809	2.50426e+00	1.66259e+00	9.02670e-01
38L_GK_1	8.99462e-01	419794	46923	371272	30545	17977	59953	2932	3614	295	42784	17169	3.81140e+01	3.80294e+01	6.61280e+01	2.84364e+01	48522	2.49193e+00	1.69912e+00	8.11289e-01
300EX_SD_1	9.80798e-01	457755	8962	402662	31703	23390	69270	4148	5065	86	49348	19922	3.35724e+01	3.15163e+01	6.29045e+01	2.70372e+01	55093	2.47706e+00	1.35541e+00	8.18954e-01
186CN_DU_1	8.94739e-01	417590	49127	371522	26536	19532	59184	2936	3480	65	42486	16698	3.31469e+01	3.15923e+01	6.24213e+01	2.81170e+01	46068	2.54438e+00	1.35859e+00	8.43678e-01
262AU_BD_1	9.04336e-01	422069	44648	374220	30406	17443	58347	2953	3992	221	41891	16456	3.83044e+01	3.61084e+01	6.69851e+01	2.83066e+01	47849	2.54564e+00	1.74316e+00	7.39729e-01
181CK_BB_1	8.97760e-01	419000	47717	371998	30147	16855	57605	2819	3433	418	41467	16138	3.58986e+01	3.49322e+01	6.45463e+01	2.82000e+01	47002	2.56953e+00	1.78861e+00	8.21148e-01
323U_TB_1	9.81228e-01	457956	8761	402396	35900	19660	66891	3783	4546	404	47621	19270	3.34557e+01	3.08741e+01	6.28830e+01	2.74252e+01	55560	2.47125e+00	1.82604e+00	8.32160e-01
13D_LE_1	8.91575e-01	416113	50604	368796	30145	17172	58403	2776	3310	257	41854	16549	3.26278e+01	3.03279e+01	6.22501e+01	2.88832e+01	47317	2.52910e+00	1.75547e+00	8.38671e-01
367DO_CP_1	9.85627e-01	460009	6708	402014	37270	20725	70236	3750	4734	649	49834	20402	4.24359e+01	4.01683e+01	6.88421e+01	2.64473e+01	57995	2.44260e+00	1.79831e+00	7.92142e-01
279EP_RL_1	9.45496e-01	441279	25438	390535	31139	19605	63071	3530	3748	1014	45136	17935	2.82487e+01	2.45727e+01	3.74825e+01	3.24828e+01	50744	2.51664e+00	1.58832e+00	9.41836e-01
207CY_KS_1	8.91500e-01	416078	50639	370037	26778	19263	59162	2784	3358	1283	42682	16480	2.95398e+01	2.90027e+01	5.85264e+01	2.87339e+01	46041	2.58993e+00	1.39013e+00	8.29065e-01
148BO_DB_1	8.94555e-01	417504	49213	369563	30608	17333	58940	2876	3458	627	42511	16429	3.48627e+01	3.33290e+01	6.38193e+01	2.83057e+01	47941	2.58756e+00	1.76588e+00	8.31695e-01
206CX_AP_1	9.01628e-01	420805	45912	372319	31528	16958	58847	2958	3639	33	42351	16496	3.96303e+01	3.98099e+01	6.70235e+01	2.84987e+01	48486	2.56735e+00	1.85918e+00	8.12861e-01
245DR_ST_1	9.21363e-01	430016	36701	379731	32172	18113	61095	3241	4062	494	43924	17171	5.77093e+01	5.53266e+01	7.61034e+01	2.80034e+01	50285	2.55803e+00	1.77618e+00	7.97883e-01
257Z_JP_1	9.03301e-01	421586	45131	371793	32200	17593	60109	3077	4200	38	43162	16947	4.20830e+01	3.93581e+01	6.99918e+01	2.82128e+01	49793	2.54688e+00	1.83027e+00	7.32619e-01
132BI_MM_1	8.92498e-01	416544	50173	368497	29671	18376	59852	2954	3617	1412	43100	16752	3.34078e+01	3.24307e+01	6.22108e+01	2.81641e+01	48047	2.57283e+00	1.61466e+00	8.16699e-01
240DQ_AB_1	8.98125e-01	419170	47547	372657	29439	17074	57415	2816	3356	25	41348	16067	3.59858e+01	3.62869e+01	6.40210e+01	2.86176e+01	46513	2.57347e+00	1.72420e+00	8.39094e-01
209DA_JK_1	8.92556e-01	416571	50146	370951	27388	18232	57647	2813	3392	819	41504	16143	3.27506e+01	3.26686e+01	6.16674e+01	2.85219e+01	45620	2.57102e+00	1.50219e+00	8.29304e-01
334FP_RG_1	9.81640e-01	458148	8569	402243	35952	19953	67754	3697	4407	568	48405	19349	3.15073e+01	2.77462e+01	6.14666e+01	2.76559e+01	55905	2.50168e+00	1.80183e+00	8.38893e-01
330FL_RM_1	9.78201e-01	456543	10174	399573	37149	19821	69007	3517	4267	712	49327	19680	3.10909e+01	2.85664e+01	6.06099e+01	2.80349e+01	56970	2.50645e+00	1.87422e+00	8.24232e-01
161BU_SD_1	8.91236e-01	415955	50762	369096	29932	16927	57498	2796	3492	81	41333	16165	3.31568e+01	3.32030e+01	6.17493e+01	2.86165e+01	46859	2.55694e+00	1.76830e+00	8.00687e-01
365CX_MP_1	9.82220e-01	458419	8298	401232	37305	19882	68906	3626	4537	644	49161	19745	3.52965e+01	3.11274e+01	6.45718e+01	2.72457e+01	57187	2.48979e+00	1.87632e+00	7.99207e-01
90AG_WH_1	9.01199e-01	420605	46112	375107	28514	16984	56564	2846	3072	444	40921	15643	3.98409e+01	3.96661e+01	6.57714e+01	2.88890e+01	45498	2.61593e+00	1.67887e+00	9.26432e-01
328FK_MR_1	9.79512e-01	457155	9562	401772	35121	20262	67587	3679	4379	346	48308	19279	3.01071e+01	2.66577e+01	5.99994e+01	2.78957e+01	55383	2.50573e+00	1.73334e+00	8.40146e-01
12D_HE_1	8.91039e-01	415863	50854	368680	29933	17250	58436	2766	3231	31	41902	16534	3.16793e+01	2.94792e+01	6.11490e+01	2.90841e+01	47183	2.53429e+00	1.73525e+00	8.56082e-01
76W_CJ_1	8.90028e-01	415391	51326	367786	30504	17101	58310	2902	3494	1294	42013	16297	3.13970e+01	2.96701e+01	6.10119e+01	2.81678e+01	47605	2.57796e+00	1.78376e+00	8.30567e-01
19F_DR_1	9.01401e-01	420699	46018	372846	31060	16793	58436	2828	3382	269	41701	16735	4.05280e+01	3.86564e+01	6.82872e+01	2.85604e+01	47853	2.49184e+00	1.84958e+00	8.36192e-01
371CP_DS_1	9.85430e-01	459917	6800	401469	37948	20500	70086	3904	4958	318	50031	20055	4.51880e+01	4.22466e+01	7.09187e+01	2.62058e+01	58448	2.49469e+00	1.85112e+00	7.87414e-01
79Z_CP_1	8.92213e-01	416411	50306	368941	30703	16767	58045	2807	3385	24	41844	16201	3.21190e+01	3.03768e+01	6.15197e+01	2.82272e+01	47470	2.58280e+00	1.83116e+00	8.29247e-01
267ED_KH_1	9.82021e-01	458326	8391	401403	36979	19944	67840	4175	4852	620	48475	19365	3.44101e+01	3.08442e+01	6.42818e+01	2.69053e+01	56923	2.50323e+00	1.85414e+00	8.60470e-01
21G_JS_1	8.99108e-01	419629	47088	371899	30127	17603	59255	2752	3326	228	42418	16837	3.88465e+01	3.78193e+01	6.66667e+01	2.88124e+01	47730	2.51933e+00	1.71147e+00	8.27420e-01
6B_CK_1	8.98101e-01	419159	47558	371158	30476	17525	59350	2835	3341	41	42309	17041	3.83701e+01	3.67187e+01	6.65524e+01	2.89394e+01	48001	2.48278e+00	1.73900e+00	8.48548e-01
125BF_KT_1	8.91712e-01	416177	50540	370264	28995	16918	56523	2808	3500	223	40742	15781	3.26726e+01	3.23429e+01	6.13008e+01	2.83938e+01	45913	2.58171e+00	1.71386e+00	8.02286e-01
341FW_CP_1	9.81768e-01	458208	8509	401599	36449	20160	68573	3702	4494	588	48903	19670	3.26526e+01	2.76923e+01	6.31976e+01	2.74380e+01	56609	2.48617e+00	1.80799e+00	8.23765e-01
74V_AC_1	8.89648e-01	415214	51503	368773	29891	16550	56787	2841	3363	252	40989	15798	2.97932e+01	2.74968e+01	5.95730e+01	2.82035e+01	46441	2.59457e+00	1.80610e+00	8.44781e-01
75V_HC_1	8.93381e-01	416956	49761	369860	30646	16450	57266	2903	3377	248	41168	16098	3.19867e+01	2.98643e+01	6.17918e+01	2.83570e+01	47096	2.55734e+00	1.86298e+00	8.59639e-01
137BL_SK_1	8.96194e-01	418269	48448	369870	30809	17590	59455	2994	3540	58	42780	16675	3.53737e+01	3.39967e+01	6.43648e+01	2.80984e+01	48399	2.56552e+00	1.75151e+00	8.45763e-01
116AZ_TC_1	8.92065e-01	416342	50375	368143	30810	17389	59196	2894	3498	1266	42551	16645	3.27781e+01	3.19875e+01	6.16864e+01	2.81229e+01	48199	2.55638e+00	1.77181e+00	8.27330e-01
321FG_CH_1	9.79067e-01	456947	9770	401178	35282	20487	68311	3568	4377	616	48876	19435	3.20340e+01	2.95119e+01	6.13471e+01	2.77837e+01	55769	2.51484e+00	1.72217e+00	8.15170e-01
172CC_HS_1	8.94928e-01	417678	49039	370086	30654	16938	58220	2863	3447	879	41846	16374	3.44826e+01	3.33250e+01	6.34526e+01	2.82408e+01	47592	2.55564e+00	1.80978e+00	8.30577e-01
27I_AK_1	8.98564e-01	419375	47342	369930	32060	17385	60372	2913	3545	45	43172	17200	3.65523e+01	3.63363e+01	6.48843e+01	2.86807e+01	49445	2.51000e+00	1.84412e+00	8.21721e-01
350HF_AE_1	9.76887e-01	455930	10787	394959	40579	20392	73183	3786	4394	4507	52390	20793	2.96588e+01	2.71073e+01	5.91979e+01	2.84550e+01	60971	2.51960e+00	1.98995e+00	8.61629e-01
230DK_CB_1	8.93674e-01	417093	49624	359521	39197	18375	68820	3258	3869	7321	49762	19058	3.46993e+01	3.50306e+01	6.34631e+01	2.91384e+01	57572	2.61108e+00	2.13317e+00	8.42078e-01
283ES_DS_1	9.79864e-01	457319	9398	401294	35982	20043	67290	3990	4788	631	48146	19144	3.18370e+01	2.94939e+01	6.18154e+01	2.73826e+01	56025	2.51494e+00	1.79524e+00	8.33333e-01
218DG_NC_1	8.95429e-01	417912	48805	371287	29608	17017	57432	2851	3359	207	41358	16074	3.40499e+01	3.32705e+01	6.31274e+01	2.85727e+01	46625	2.57297e+00	1.73991e+00	8.48765e-01
123BF_TT_1	8.94420e-01	417441	49276	369944	30687	16810	57823	2896	3588	33	41708	16115	3.51363e+01	3.28995e+01	6.45717e+01	2.82007e+01	47497	2.58815e+00	1.82552e+00	8.07135e-01
166BY_HP_1	8.96031e-01	418193	48524	369745	32158	16290	58277	2981	3480	21	41988	16289	3.56455e+01	3.45159e+01	6.46221e+01	2.83780e+01	48448	2.57769e+00	1.97409e+00	8.56609e-01
98AN_ET_1	8.93338e-01	416936	49781	369299	30806	16831	58275	2798	3395	417	41903	16372	3.24823e+01	3.09359e+01	6.19756e+01	2.83131e+01	47637	2.55943e+00	1.83031e+00	8.24153e-01
82AC_JC_1	8.90212e-01	415477	51240	369378	29248	16851	56787	2758	3405	457	40827	15960	3.07733e+01	2.93437e+01	6.00837e+01	2.80889e+01	46099	2.55808e+00	1.73568e+00	8.09985e-01
143BN_BB_1	8.95858e-01	418112	48605	371443	29698	16971	57430	2809	3401	34	41412	16018	3.47612e+01	3.37153e+01	6.35512e+01	2.80924e+01	46669	2.58534e+00	1.74993e+00	8.25934e-01
48N_MaL_1	8.98720e-01	419448	47269	371472	28603	19373	60954	2865	3530	741	43487	17467	3.85562e+01	3.69429e+01	6.68286e+01	2.87122e+01	47976	2.48967e+00	1.47644e+00	8.11615e-01
304EZ_KC_1	9.80858e-01	457783	8934	401476	35785	20522	67919	4053	4857	348	48570	19349	3.30209e+01	2.99057e+01	6.30791e+01	2.70244e+01	56307	2.51021e+00	1.74374e+00	8.34466e-01
277EN_AJ_1	9.82203e-01	458411	8306	400326	37896	20189	69081	4218	4975	728	49290	19791	3.69861e+01	3.40603e+01	6.61466e+01	2.66936e+01	58085	2.49053e+00	1.87706e+00	8.47839e-01
57Q_BR_1	8.78888e-01	410192	56525	365530	28297	16365	55565	2522	2940	104	40083	15482	2.97204e+01	3.23343e+01	5.69176e+01	2.79464e+01	44662	2.58901e+00	1.72912e+00	8.57823e-01
88AF_AHT_1	8.90289e-01	415513	51204	368842	30301	16370	56979	2753	3309	224	41139	15840	3.07313e+01	2.88789e+01	6.03380e+01	2.83517e+01	46671	2.59716e+00	1.85101e+00	8.31973e-01
318FE_GT_1	9.79326e-01	457068	9649	401029	35777	20262	67598	3968	4735	356	48292	19306	2.84070e+01	2.45028e+01	5.91483e+01	2.76989e+01	56039	2.50140e+00	1.76572e+00	8.38015e-01
331FM_MC_1	9.76172e-01	455596	11121	400984	34760	19852	66811	3509	4144	617	47720	19091	2.90713e+01	2.59298e+01	5.84179e+01	2.83034e+01	54612	2.49961e+00	1.75096e+00	8.46766e-01
210DB_BW_1	8.95361e-01	417880	48837	370760	30400	16720	57689	2832	3319	666	41579	16110	3.48513e+01	3.51815e+01	6.33875e+01	2.85606e+01	47120	2.58094e+00	1.81818e+00	8.53269e-01
111AW_GP_1	8.95305e-01	417854	48863	371135	29894	16825	57191	2863	3490	451	41292	15899	3.39088e+01	3.23926e+01	6.31826e+01	2.82512e+01	46719	2.59714e+00	1.77676e+00	8.20344e-01
297EW_BP_1	9.77933e-01	456418	10299	400716	35821	19881	67046	3904	4633	68	47844	19202	2.89227e+01	2.56837e+01	5.91834e+01	2.77156e+01	55702	2.49162e+00	1.80177e+00	8.42651e-01
332FN_JC_1	9.82868e-01	458721	7996	401668	36306	20747	69193	3868	4739	617	49293	19900	3.48060e+01	3.10621e+01	6.45210e+01	2.72505e+01	57053	2.47704e+00	1.74994e+00	8.16206e-01
77X_FC_1	8.92157e-01	416385	50332	369909	29741	16735	57001	2808	3402	720	41114	15887	3.23646e+01	3.02547e+01	6.19078e+01	2.81924e+01	46476	2.58790e+00	1.77717e+00	8.25397e-01
315FD_VF_1	9.74736e-01	454926	11791	398401	33713	22812	70682	3988	4667	759	50411	20271	4.10558e+01	4.46221e+01	6.49479e+01	2.92833e+01	56525	2.48685e+00	1.47786e+00	8.54510e-01
308FB_MW_1	9.80275e-01	457511	9206	401995	35789	19727	66347	4053	4843	80	47553	18794	3.17122e+01	2.91102e+01	6.17529e+01	2.72540e+01	55516	2.53022e+00	1.81421e+00	8.36878e-01
117BA_RD_1	8.91731e-01	416186	50531	369707	29591	16888	57069	2817	3481	416	41199	15870	3.18658e+01	2.98851e+01	6.13116e+01	2.81585e+01	46479	2.59603e+00	1.75219e+00	8.09250e-01
324AI_PM_1	9.78882e-01	456861	9856	400282	36133	20446	69025	3668	4332	407	49233	19792	3.08874e+01	2.78193e+01	6.05299e+01	2.78994e+01	56579	2.48752e+00	1.76724e+00	8.46722e-01
153BR_JB_2	8.96359e-01	418346	48371	371419	29678	17249	57702	2929	3545	36	41399	16303	3.52670e+01	3.51773e+01	6.36821e+01	2.79743e+01	46927	2.53935e+00	1.72056e+00	8.26234e-01
254DZ_WP_DNA	8.87722e-01	414315	52402	367551	28733	18031	58362	2863	3570	431	41980	16382	3.27947e+01	2.99348e+01	6.27392e+01	2.93732e+01	46764	2.56257e+00	1.59353e+00	8.01961e-01
101AO_GS_1	8.96556e-01	418438	48279	370099	30983	17356	59004	3022	3669	449	42421	16583	3.81672e+01	3.68732e+01	6.67134e+01	2.82910e+01	48339	2.55810e+00	1.78515e+00	8.23658e-01
263AB_MaM_1	9.22465e-01	430530	36187	380542	31828	18160	61099	3077	3972	271	43863	17236	3.59670e+01	3.46031e+01	6.46629e+01	2.92886e+01	49988	2.54485e+00	1.75264e+00	7.74673e-01
250DV_LR_1	9.84312e-01	459395	7322	402531	36582	20282	68574	3849	4723	588	48860	19714	4.14569e+01	3.89717e+01	6.85642e+01	2.64730e+01	56864	2.47844e+00	1.80367e+00	8.14948e-01
316FD_SF_1	9.79709e-01	457247	9470	401039	32733	23475	70564	4197	4922	710	50569	19995	3.18848e+01	2.96389e+01	6.17220e+01	2.72261e+01	56208	2.52908e+00	1.39438e+00	8.52702e-01
200CU_NA_1	8.90786e-01	415745	50972	368687	30107	16951	57750	2895	3364	805	41653	16097	3.06568e+01	2.93295e+01	5.99077e+01	2.82133e+01	47058	2.58763e+00	1.77612e+00	8.60583e-01
193CP_LS_1	8.94141e-01	417311	49406	369480	30366	17465	58831	2879	3586	25	42344	16487	3.46249e+01	3.27930e+01	6.39501e+01	2.83074e+01	47831	2.56833e+00	1.73868e+00	8.02844e-01
59R_AM_1	8.78106e-01	409827	56890	364513	28353	16961	56688	2550	3037	37	40841	15847	2.96325e+01	3.26491e+01	5.67620e+01	2.79659e+01	45314	2.57721e+00	1.67166e+00	8.39644e-01
136BK_RN_1	8.92344e-01	416472	50245	371038	27294	18140	57258	2870	3446	415	41115	16143	3.15486e+01	2.92218e+01	6.11649e+01	2.81709e+01	45434	2.54692e+00	1.50463e+00	8.32850e-01
58Q_JiD_1	8.80531e-01	410959	55758	366063	28227	16669	55949	2529	3087	137	40220	15729	3.19610e+01	3.55299e+01	5.84407e+01	2.78206e+01	44896	2.55706e+00	1.69338e+00	8.19242e-01
173CD_KA_1	8.90120e-01	415434	51283	368134	30607	16693	57772	2794	3427	838	41583	16189	3.17096e+01	3.00514e+01	6.11237e+01	2.82303e+01	47300	2.56860e+00	1.83352e+00	8.15290e-01
167BZ_SP_1	8.93773e-01	417139	49578	371438	29077	16624	56218	2758	3349	23	40529	15689	3.28971e+01	3.12491e+01	6.21885e+01	2.81300e+01	45701	2.58327e+00	1.74910e+00	8.23529e-01
16E_MD_1	8.92509e-01	416549	50168	369143	30156	17250	58557	2785	3314	173	41939	16618	3.44854e+01	3.24845e+01	6.36924e+01	2.91901e+01	47406	2.52371e+00	1.74817e+00	8.40374e-01
68T_DR_1	8.95418e-01	417907	48810	371787	29727	16393	56242	2853	3418	245	40399	15843	3.54315e+01	3.46581e+01	6.42417e+01	2.80812e+01	46120	2.54996e+00	1.81340e+00	8.34699e-01
266EC_TJ_1	9.22045e-01	430334	36383	381338	31399	17597	59664	3004	3925	302	42815	16849	3.64557e+01	3.43801e+01	6.55846e+01	2.92407e+01	48996	2.54110e+00	1.78434e+00	7.65350e-01
154BR_KB_1	9.00589e-01	420320	46397	373429	29762	17129	57903	2803	3314	282	41726	16177	3.08916e+01	2.76652e+01	6.05085e+01	3.00272e+01	46891	2.57934e+00	1.73752e+00	8.45806e-01
221DH_MB_1	8.95292e-01	417848	48869	370939	30175	16734	57355	2808	3480	240	41238	16117	3.47015e+01	3.41056e+01	6.36325e+01	2.87147e+01	46909	2.55866e+00	1.80322e+00	8.06897e-01
138BL_RK_1	8.95153e-01	417783	48934	369591	30949	17243	58911	2880	3644	530	42415	16496	3.48332e+01	3.34426e+01	6.39105e+01	2.81343e+01	48192	2.57123e+00	1.79487e+00	7.90340e-01
319FE_NC_1	9.79525e-01	457161	9556	401093	36145	19923	67220	4009	4762	346	48140	19080	3.13477e+01	2.87492e+01	6.14402e+01	2.73859e+01	56068	2.52306e+00	1.81423e+00	8.41873e-01
190CO_SMA_2	8.98330e-01	419266	47451	370626	31917	16723	58591	3039	3733	446	42041	16550	4.00380e+01	3.93879e+01	6.77319e+01	2.79935e+01	48640	2.54024e+00	1.90857e+00	8.14091e-01
231DL_SS_1	8.90512e-01	415617	51100	369315	29608	16694	57056	2725	3215	239	41225	15831	2.94305e+01	2.88740e+01	5.85236e+01	2.87638e+01	46302	2.60407e+00	1.77357e+00	8.47589e-01
1A_EL_1	8.98917e-01	419540	47177	370786	31630	17124	59632	2851	3395	36	42617	17015	3.93265e+01	3.77832e+01	6.73497e+01	2.86169e+01	48754	2.50467e+00	1.84712e+00	8.39764e-01
271EH_BK_1	9.81404e-01	458038	8679	401658	36323	20057	67457	4160	4820	582	48214	19243	3.57922e+01	3.29627e+01	6.49273e+01	2.68416e+01	56380	2.50553e+00	1.81099e+00	8.63071e-01
274EK_AE_1	9.73695e-01	454440	12277	399417	33348	21675	68578	3837	4283	1673	49008	19570	3.26885e+01	3.27534e+01	5.54571e+01	3.10725e+01	55023	2.50424e+00	1.53855e+00	8.95867e-01
202CW_CS_1	8.93803e-01	417153	49564	370535	29841	16777	57071	2847	3477	225	40920	16151	3.36724e+01	3.25491e+01	6.28547e+01	2.80652e+01	46618	2.53359e+00	1.77869e+00	8.18809e-01
264AB_CM_1	8.96792e-01	418548	48169	369816	31568	17164	59026	2928	3942	278	42470	16556	3.49096e+01	3.30308e+01	6.43241e+01	2.83914e+01	48732	2.56523e+00	1.83920e+00	7.42770e-01
305EZ_KM_1	9.78055e-01	456475	10242	400856	35502	20117	67176	3916	4644	366	48009	19167	2.89793e+01	2.51427e+01	5.95733e+01	2.76054e+01	55619	2.50477e+00	1.76478e+00	8.43239e-01
352HH_LR_1	9.81355e-01	458015	8702	402058	35436	20521	68322	3759	4397	598	48591	19731	3.21358e+01	2.82434e+01	6.16893e+01	2.76194e+01	55957	2.46267e+00	1.72682e+00	8.54901e-01
109AU_MS_1	9.00051e-01	420069	46648	372876	30226	16967	57738	2880	3542	233	41500	16238	3.59163e+01	3.48141e+01	6.47373e+01	2.81234e+01	47193	2.55573e+00	1.78146e+00	8.13100e-01
251DW_SD_DNA	8.93184e-01	416864	49853	369813	29922	17129	57570	2980	3630	399	41337	16233	3.34219e+01	3.03995e+01	6.35479e+01	2.92448e+01	47051	2.54648e+00	1.74686e+00	8.20937e-01
298EW_MP_1	9.78569e-01	456715	10002	400466	36099	20150	67746	3961	4692	449	48354	19392	2.82398e+01	2.36471e+01	5.91316e+01	2.76996e+01	56249	2.49350e+00	1.79151e+00	8.44203e-01
228DJ_SH_1	8.96618e-01	418467	48250	370573	31043	16851	58406	2905	3434	354	41998	16408	3.59389e+01	3.62741e+01	6.42399e+01	2.85662e+01	47894	2.55961e+00	1.84221e+00	8.45952e-01
147BO_CB_1	8.88549e-01	414701	52016	368935	29237	16529	56283	2634	3378	245	40607	15676	3.07924e+01	3.07969e+01	5.92540e+01	2.83206e+01	45766	2.59039e+00	1.76883e+00	7.79751e-01
171CB_CR_1	8.91673e-01	416159	50558	369460	29657	17042	57478	2858	3405	427	41411	16067	3.38449e+01	3.35482e+01	6.23598e+01	2.86188e+01	46699	2.57739e+00	1.74023e+00	8.39354e-01
53P_BP_1	8.82393e-01	411828	54889	366271	28507	17050	56672	2624	3311	60	40825	15847	3.11331e+01	3.44720e+01	5.80390e+01	2.79249e+01	45557	2.57620e+00	1.67196e+00	7.92510e-01
20F_AR_1	8.95228e-01	417818	48899	370964	29590	17264	58089	2739	3290	264	41604	16485	3.57402e+01	3.39676e+01	6.44669e+01	2.89707e+01	46854	2.52375e+00	1.71397e+00	8.32523e-01
222DH_RB_1	8.97036e-01	418662	48055	371585	30240	16837	57704	2817	3393	220	41497	16207	3.67489e+01	3.72900e+01	6.46089e+01	2.84767e+01	47077	2.56044e+00	1.79604e+00	8.30239e-01
17E_PD_1	9.00361e-01	420214	46503	371980	30899	17335	59258	2787	3524	41	42316	16942	3.72234e+01	3.69623e+01	6.53354e+01	2.85415e+01	48234	2.49770e+00	1.78246e+00	7.90863e-01
224DI_EB_1	8.91260e-01	415966	50751	363443	35553	16970	63049	2960	3484	77	45469	17580	3.12108e+01	3.10933e+01	6.02552e+01	2.89878e+01	52523	2.58641e+00	2.09505e+00	8.49598e-01
219DG_GC_1	8.96325e-01	418330	48387	371935	29769	16626	56914	2805	3302	242	40997	15917	3.47158e+01	3.55173e+01	6.27907e+01	2.84955e+01	46395	2.57567e+00	1.79051e+00	8.49485e-01
195CR_LH_1	8.98069e-01	419144	47573	371839	30417	16888	57644	2979	3570	27	41488	16156	3.78311e+01	3.65914e+01	6.63084e+01	2.80710e+01	47305	2.56796e+00	1.80110e+00	8.34454e-01
97AM_JS_1	8.95161e-01	417787	48930	369153	32902	15732	57993	2907	3466	977	41797	16196	3.56751e+01	3.44832e+01	6.46346e+01	2.83983e+01	48634	2.58070e+00	2.09141e+00	8.38719e-01
204H_AM_1	8.94291e-01	417381	49336	370647	29839	16895	57592	2737	3300	20	41516	16076	3.23646e+01	3.20371e+01	6.12202e+01	2.87271e+01	46734	2.58248e+00	1.76614e+00	8.29394e-01
361CQ_AA_1	9.83594e-01	459060	7657	400501	37227	21332	71394	3854	4643	1236	50991	20403	3.72062e+01	3.38549e+01	6.56505e+01	2.70432e+01	58559	2.49919e+00	1.74512e+00	8.30067e-01
122BE_DB_1	8.94028e-01	417258	49459	371199	29139	16920	56885	2699	3395	461	40955	15930	3.26713e+01	3.12029e+01	6.17731e+01	2.81975e+01	46059	2.57094e+00	1.72216e+00	7.94993e-01
256Z_GeP_1	9.32143e-01	435047	31670	385330	31195	18522	61234	3055	3950	54	44025	17209	3.19913e+01	3.06192e+01	6.12381e+01	2.92775e+01	49717	2.55825e+00	1.68421e+00	7.73418e-01
31J_JH_1	8.93415e-01	416972	49745	369488	30814	16670	57906	2855	3393	135	41356	16550	3.70034e+01	3.47143e+01	6.57587e+01	2.90815e+01	47484	2.49885e+00	1.84847e+00	8.41438e-01
278EO_BS_1	9.84757e-01	459603	7114	400891	38436	20276	69725	4265	4998	883	49681	20044	3.71906e+01	3.48962e+01	6.63869e+01	2.65673e+01	58712	2.47860e+00	1.89564e+00	8.53341e-01
42M_ShW_2	8.98230e-01	419219	47498	372457	29540	17222	57766	2804	3414	25	41654	16112	3.58301e+01	3.54114e+01	6.42157e+01	2.81518e+01	46762	2.58528e+00	1.71525e+00	8.21324e-01
145BN_JyB_1	8.87694e-01	414302	52415	368837	29183	16282	55912	2597	3238	211	40348	15564	2.83404e+01	2.68371e+01	5.73420e+01	2.84214e+01	45465	2.59239e+00	1.79235e+00	8.02038e-01
223DI_MB_1	8.97040e-01	418664	48053	364687	37179	16798	64002	3085	3688	112	45929	18073	3.70811e+01	3.70421e+01	6.53358e+01	2.89174e+01	53977	2.54130e+00	2.21330e+00	8.36497e-01
351HG_MP_1	9.83774e-01	459144	7573	401994	37279	19871	68432	3883	4706	594	48845	19587	3.70030e+01	3.31998e+01	6.65499e+01	2.68196e+01	57150	2.49375e+00	1.87605e+00	8.25117e-01
52O_RM_1	8.83546e-01	412366	54351	366892	28693	16781	56427	2639	3189	157	40466	15961	3.21915e+01	3.57593e+01	5.89408e+01	2.79374e+01	45474	2.53530e+00	1.70985e+00	8.27532e-01
126BG_CB_1	8.95828e-01	418098	48619	370725	30189	17184	58147	2895	3515	44	41858	16289	3.57499e+01	3.47662e+01	6.43893e+01	2.81471e+01	47373	2.56971e+00	1.75681e+00	8.23613e-01
241DQ_MB_1	8.96953e-01	418623	48094	371382	30205	17036	57994	2831	3452	245	41821	16173	3.61755e+01	3.66849e+01	6.42191e+01	2.83932e+01	47241	2.58585e+00	1.77301e+00	8.20104e-01
142BM_GB_1	8.95478e-01	417935	48782	370749	30369	16817	57568	2931	3504	235	41432	16136	3.52268e+01	3.38782e+01	6.44029e+01	2.83406e+01	47186	2.56767e+00	1.80585e+00	8.36473e-01
87AF_RHT_1	8.94238e-01	417356	49361	370836	29758	16762	57134	2748	3400	38	41218	15916	3.35392e+01	3.15516e+01	6.29263e+01	2.80689e+01	46520	2.58972e+00	1.77533e+00	8.08235e-01
242DQ_JB_1	9.00574e-01	420313	46404	372799	30751	16763	57730	2937	3610	241	41565	16165	3.98592e+01	3.90857e+01	6.77018e+01	2.85906e+01	47514	2.57130e+00	1.83446e+00	8.13573e-01
164BW_KC_1	8.94810e-01	417623	49094	371011	29774	16838	57182	2821	3447	491	41176	16006	3.42470e+01	3.26396e+01	6.34268e+01	2.82027e+01	46612	2.57254e+00	1.76826e+00	8.18393e-01
49O_NM_1	8.83583e-01	412383	54334	366054	29290	17039	57368	2715	3285	57	41116	16252	3.19632e+01	3.47828e+01	5.89451e+01	2.79178e+01	46329	2.52990e+00	1.71900e+00	8.26484e-01
25H_JM_1	9.00717e-01	420380	46337	372004	30669	17707	59769	2825	3489	141	42757	17012	4.13498e+01	3.93993e+01	6.87667e+01	2.85843e+01	48376	2.51334e+00	1.73203e+00	8.09688e-01
54P_BrP_1	8.66564e-01	404440	62277	361263	26430	16747	54998	2214	2712	217	39723	15275	2.60309e+01	2.81558e+01	5.28991e+01	2.81326e+01	43177	2.60052e+00	1.57819e+00	8.16372e-01
196CR_HO_1	8.91155e-01	415917	50800	369588	29504	16825	56949	2771	3434	236	41093	15856	2.99477e+01	2.77282e+01	5.98165e+01	2.83305e+01	46329	2.59164e+00	1.75358e+00	8.06931e-01
95AK_CW_1	8.87677e-01	414294	52423	368348	29382	16564	56247	2802	3461	485	40542	15705	2.95820e+01	2.72446e+01	5.94064e+01	2.82770e+01	45946	2.58147e+00	1.77385e+00	8.09593e-01
30J_TH_1	8.99907e-01	420002	46715	372158	30486	17358	58878	2875	3449	47	41941	16937	4.06663e+01	3.92104e+01	6.80594e+01	2.88825e+01	47844	2.47629e+00	1.75631e+00	8.33575e-01
203CW_MS_1	8.93325e-01	416930	49787	370415	29322	17193	57402	2806	3500	245	41306	16096	3.22962e+01	3.03394e+01	6.17423e+01	2.82985e+01	46515	2.56623e+00	1.70546e+00	8.01714e-01
104AP_NG_1	8.95378e-01	417888	48829	370831	30355	16702	57478	2890	3391	256	41545	15933	3.43801e+01	3.34375e+01	6.33461e+01	2.82341e+01	47057	2.60748e+00	1.81745e+00	8.52256e-01
135BJ_BR_1	8.93987e-01	417239	49478	370197	29943	17099	57910	2787	3444	259	41674	16236	3.28799e+01	3.11661e+01	6.22748e+01	2.81089e+01	47042	2.56677e+00	1.75116e+00	8.09233e-01
129BH_JS_1	8.91928e-01	416278	50439	369620	29404	17254	57663	2824	3425	34	41601	16062	3.19174e+01	3.06161e+01	6.11854e+01	2.81262e+01	46658	2.59003e+00	1.70418e+00	8.24526e-01
C856::187CN_NM_1	8.78995e-01	410242	56475	366436	26274	17532	56084	2462	2792	44	40577	15507	3.09807e+01	3.59483e+01	5.60970e+01	2.84259e+01	43806	2.61669e+00	1.49863e+00	8.81805e-01
306FA_LV_1	9.22394e-01	430497	36220	378064	31390	21043	65022	3854	4600	855	46761	18261	2.93973e+01	2.71768e+01	5.88085e+01	2.86305e+01	52433	2.56070e+00	1.49171e+00	8.37826e-01
248DT_MS_1	8.95318e-01	417860	48857	369445	31386	17029	59175	2862	3407	591	42530	16645	3.35150e+01	3.37681e+01	6.23550e+01	2.86786e+01	48415	2.55512e+00	1.84309e+00	8.40035e-01
185CM_AA_1	8.94167e-01	417323	49394	369123	31178	17022	58856	2903	3463	572	42198	16658	3.35300e+01	3.25378e+01	6.27613e+01	2.83166e+01	48200	2.53320e+00	1.83163e+00	8.38290e-01
201CV_GK_1	8.88496e-01	414676	52041	368013	29803	16860	57365	2764	3394	465	41211	16154	3.04586e+01	3.03615e+01	5.92195e+01	2.85026e+01	46663	2.55113e+00	1.76767e+00	8.14378e-01
232DL_LS_1	8.94039e-01	417263	49454	370943	29220	17100	57247	2770	3403	138	41431	15816	3.23952e+01	3.23370e+01	6.10805e+01	2.85889e+01	46320	2.61956e+00	1.70877e+00	8.13988e-01
8B_TS_1	8.99217e-01	419680	47037	372074	30378	17228	58560	2828	3446	155	41686	16874	3.93386e+01	3.72396e+01	6.72948e+01	2.89069e+01	47606	2.47043e+00	1.76329e+00	8.20662e-01
229DJ_CP_1	8.98519e-01	419354	47363	372175	30138	17041	57914	2844	3462	231	41721	16193	3.54406e+01	3.43787e+01	6.44006e+01	2.88316e+01	47179	2.57648e+00	1.76856e+00	8.21490e-01
333FO_CG_1	9.78235e-01	456559	10158	400860	35393	20306	68016	3580	4409	630	48462	19554	3.04398e+01	2.72825e+01	6.03368e+01	2.79508e+01	55699	2.47837e+00	1.74298e+00	8.11976e-01
180CJ_DP_1	8.90480e-01	415602	51115	368438	30086	17078	57815	2898	3529	701	41589	16226	3.20008e+01	3.09553e+01	6.12266e+01	2.82155e+01	47164	2.56311e+00	1.76168e+00	8.21196e-01
178CH_CF_1	8.91375e-01	416020	50697	368458	31434	16128	57457	2831	3402	991	41360	16097	3.16577e+01	3.07907e+01	6.09351e+01	2.82840e+01	47562	2.56942e+00	1.94903e+00	8.32158e-01
255EA_GC_DNA	8.94302e-01	417386	49331	370264	29539	17583	58174	2894	3637	457	41743	16431	3.53442e+01	3.25633e+01	6.50889e+01	2.91766e+01	47122	2.54050e+00	1.67997e+00	7.95711e-01
43M_DW_1	8.98757e-01	419465	47252	371785	30486	17194	58545	2867	3462	94	41859	16686	3.92691e+01	3.68576e+01	6.75669e+01	2.90089e+01	47680	2.50863e+00	1.77306e+00	8.28134e-01
212DD_DV_1	8.97193e-01	418735	47982	371297	30142	17296	58395	2873	3466	594	42101	16294	3.58192e+01	3.57523e+01	6.42965e+01	2.85859e+01	47438	2.58383e+00	1.74272e+00	8.28909e-01
246DS_PS_1	8.92112e-01	416364	50353	368941	30766	16657	58062	2726	3292	951	41710	16352	3.14933e+01	3.15106e+01	6.02611e+01	2.86400e+01	47423	2.55076e+00	1.84703e+00	8.28068e-01
368BY_MP_1	9.86073e-01	460217	6500	403318	37220	19679	67978	3927	4673	392	48364	19614	4.24911e+01	3.92921e+01	6.94056e+01	2.62170e+01	56899	2.46579e+00	1.89136e+00	8.40360e-01
194CQ_HA_1	8.94966e-01	417696	49021	369171	30675	17850	59875	2906	3594	52	43138	16737	3.43357e+01	3.22478e+01	6.38682e+01	2.84431e+01	48525	2.57740e+00	1.71849e+00	8.08570e-01
46N_RL_1	8.93809e-01	417156	49561	369696	28243	19217	60474	2777	3426	58	43129	17345	3.41200e+01	3.25003e+01	6.32408e+01	2.91130e+01	47460	2.48654e+00	1.46969e+00	8.10566e-01
355HK_NW_1	9.86287e-01	460317	6400	400125	38443	21749	72252	4251	5438	1033	51164	21088	5.35209e+01	5.28496e+01	7.45105e+01	2.51449e+01	60192	2.42621e+00	1.76758e+00	7.81721e-01
3A_ML_1	8.97338e-01	418803	47914	370930	30532	17341	58980	2819	3415	143	42022	16958	3.75378e+01	3.62452e+01	6.59955e+01	2.88722e+01	47873	2.47800e+00	1.76068e+00	8.25476e-01
150BQ_MB_1	8.95386e-01	417892	48825	370483	30360	17049	57960	2964	3534	39	41756	16204	3.39282e+01	3.17196e+01	6.35186e+01	2.83213e+01	47409	2.57689e+00	1.78075e+00	8.38710e-01
139BL_KK_1	8.91324e-01	415996	50721	368342	29952	17702	58979	2940	3437	618	42423	16556	3.07782e+01	2.93944e+01	6.01317e+01	2.82291e+01	47654	2.56239e+00	1.69201e+00	8.55397e-01
179CI_GG_1	8.93509e-01	417016	49701	369798	30243	16975	57800	2905	3488	23	41575	16225	3.33116e+01	3.15943e+01	6.26507e+01	2.82071e+01	47218	2.56240e+00	1.78162e+00	8.32856e-01
81AB_MM_1	8.95873e-01	418119	48598	369917	30964	17238	58954	2855	3631	243	42306	16648	3.55953e+01	3.47867e+01	6.43258e+01	2.81999e+01	48202	2.54121e+00	1.79626e+00	7.86285e-01
63S_AaM_1	8.80834e-01	411100	55617	365628	28628	16844	56532	2610	3174	137	40803	15729	3.08234e+01	3.44019e+01	5.77451e+01	2.79369e+01	45472	2.59413e+00	1.69960e+00	8.22306e-01
208CZ_VP_1	8.95631e-01	418006	48711	369220	31305	17481	59968	2875	3424	1396	43287	16681	3.41417e+01	3.44306e+01	6.26328e+01	2.87051e+01	48786	2.59499e+00	1.79080e+00	8.39661e-01
282ER_HS_1	9.79137e-01	456980	9737	400268	36868	19844	67752	4048	4756	805	48180	19572	3.10292e+01	2.84399e+01	6.09755e+01	2.75941e+01	56712	2.46168e+00	1.85789e+00	8.51135e-01
292BU_BD_1	9.02658e-01	421286	45431	373473	30327	17486	58530	2947	3822	23	42260	16270	3.43466e+01	3.32787e+01	6.35560e+01	2.87992e+01	47813	2.59742e+00	1.73436e+00	7.71062e-01
28I_TK_1	8.98795e-01	419483	47234	370713	30158	18612	61154	2827	3401	359	43816	17338	3.93568e+01	3.79892e+01	6.70154e+01	2.89750e+01	48770	2.52717e+00	1.62035e+00	8.31226e-01
24H_CM_1	8.98452e-01	419323	47394	371806	30133	17384	58830	2761	3310	149	42004	16826	3.93379e+01	3.79852e+01	6.69783e+01	2.87514e+01	47517	2.49637e+00	1.73338e+00	8.34139e-01
329FK_RR_1	9.81211e-01	457948	8769	401573	36478	19897	67978	3738	4556	358	48259	19719	3.37651e+01	3.14247e+01	6.29560e+01	2.74922e+01	56375	2.44734e+00	1.83334e+00	8.20457e-01
239DP_JW_1	8.98909e-01	419536	47181	372626	29833	17077	57806	2787	3394	398	41676	16130	3.52462e+01	3.51489e+01	6.36050e+01	2.86774e+01	46910	2.58376e+00	1.74697e+00	8.21155e-01
286CI_RG_1	9.40756e-01	439067	27650	388770	31310	18987	62052	3181	4051	259	44593	17459	3.62627e+01	3.52961e+01	6.46352e+01	2.96398e+01	50297	2.55416e+00	1.64902e+00	7.85238e-01
18F_GR_1	8.97193e-01	418735	47982	371073	30269	17393	58909	2827	3319	24	42059	16850	3.78581e+01	3.64359e+01	6.60465e+01	2.90439e+01	47662	2.49608e+00	1.74030e+00	8.51763e-01
4A_DL_1	8.96113e-01	418231	48486	370330	30513	17388	59134	2813	3342	207	42412	16722	3.75098e+01	3.55890e+01	6.57656e+01	2.90392e+01	47901	2.53630e+00	1.75483e+00	8.41712e-01
174CE_PS_1	8.94285e-01	417378	49339	371453	29536	16389	56170	2750	3394	396	40541	15629	3.27158e+01	3.08143e+01	6.19280e+01	2.80790e+01	45925	2.59396e+00	1.80218e+00	8.10253e-01
105AQ_KF_1	8.92689e-01	416633	50084	370247	29757	16629	56868	2774	3373	444	41061	15807	3.30400e+01	3.19390e+01	6.17702e+01	2.80788e+01	46386	2.59765e+00	1.78946e+00	8.22413e-01
C1436::187CN_NM_1	8.91414e-01	416038	50679	369418	28729	17891	58377	2836	3298	62	41999	16378	3.05689e+01	2.83074e+01	5.99825e+01	2.82228e+01	46620	2.56435e+00	1.60578e+00	8.59915e-01
65T_CR_1	8.96886e-01	418592	48125	372510	29628	16454	56303	2805	3428	30	40417	15886	3.53160e+01	3.38796e+01	6.41939e+01	2.82171e+01	46082	2.54419e+00	1.80066e+00	8.18261e-01
312FC_CT_1	9.78670e-01	456762	9955	401201	35545	20016	67005	3862	4710	339	48003	19002	2.95208e+01	2.58322e+01	6.01637e+01	2.74600e+01	55561	2.52621e+00	1.77583e+00	8.19958e-01
50O_PM_1	8.90276e-01	415507	51210	367596	31111	16800	58289	2832	3590	59	41758	16531	3.53965e+01	3.86734e+01	6.18836e+01	2.80941e+01	47911	2.52604e+00	1.85185e+00	7.88858e-01
211DC_TK_1	8.93291e-01	416914	49803	370813	27427	18674	58543	2843	3389	930	42177	16366	3.21496e+01	3.20642e+01	6.09139e+01	2.85087e+01	46101	2.57711e+00	1.46873e+00	8.38891e-01
114AX_LD_1	8.96854e-01	418577	48140	371291	30633	16653	57441	2921	3577	319	41367	16074	3.69509e+01	3.57161e+01	6.57944e+01	2.82613e+01	47286	2.57353e+00	1.83949e+00	8.16606e-01
372CP_BS_1	9.84781e-01	459614	7103	400568	37946	21100	71414	3940	4792	488	50838	20576	4.17523e+01	3.89490e+01	6.87446e+01	2.65405e+01	59046	2.47074e+00	1.79839e+00	8.22204e-01
159BT_RRL_1	8.94486e-01	417472	49245	370583	30263	16626	57333	2814	3368	290	41291	16042	3.36206e+01	3.19273e+01	6.28758e+01	2.83062e+01	46889	2.57393e+00	1.82022e+00	8.35511e-01
170CA_AP_1	8.91922e-01	416275	50442	369621	29740	16914	57271	2826	3471	673	41150	16121	3.23075e+01	3.04822e+01	6.18503e+01	2.82219e+01	46654	2.55257e+00	1.75831e+00	8.14175e-01
258Z_GaP_1	9.04810e-01	422290	44427	373970	30788	17532	59163	2918	3771	82	42556	16607	3.02446e+01	2.82188e+01	6.01582e+01	2.87183e+01	48320	2.56253e+00	1.75610e+00	7.73800e-01
243DR_BT_1	8.94062e-01	417274	49443	371253	29489	16532	56475	2789	3289	24	40786	15689	3.33485e+01	3.34345e+01	6.20370e+01	2.86344e+01	46021	2.59966e+00	1.78375e+00	8.47978e-01
23H_LM_1	8.98090e-01	419154	47563	371205	30766	17183	58925	2816	3391	27	42115	16810	3.72272e+01	3.53944e+01	6.57873e+01	2.90451e+01	47949	2.50535e+00	1.79049e+00	8.30434e-01
188CN_PU_1	8.95065e-01	417742	48975	370212	29438	18092	59125	2934	3563	644	42441	16684	3.30435e+01	3.15859e+01	6.25008e+01	2.83906e+01	47530	2.54381e+00	1.62713e+00	8.23463e-01
45M_RW_1	8.97510e-01	418883	47834	370840	30904	17139	58935	2826	3421	64	42138	16797	3.90339e+01	3.72179e+01	6.69972e+01	2.89843e+01	48043	2.50866e+00	1.80314e+00	8.26074e-01
130BH_GS_1	8.94594e-01	417522	49195	370429	30100	16993	57636	2860	3590	274	41641	15995	3.40670e+01	3.22519e+01	6.34334e+01	2.82016e+01	47093	2.60338e+00	1.77132e+00	7.96657e-01
339FU_TM_1	9.83118e-01	458838	7879	402088	36657	20093	68446	3780	4617	584	48835	19611	3.66678e+01	3.52003e+01	6.48250e+01	2.71510e+01	56750	2.49018e+00	1.82437e+00	8.18713e-01
160BU_RD_1	8.94152e-01	417316	49401	370614	29709	16993	57394	2816	3485	26	41321	16073	3.45509e+01	3.34601e+01	6.36000e+01	2.82819e+01	46702	2.57083e+00	1.74831e+00	8.08034e-01
14D_GE_1	8.97550e-01	418902	47815	371577	29731	17594	58785	2803	3331	244	42051	16734	3.82563e+01	3.65210e+01	6.65000e+01	2.88282e+01	47325	2.51291e+00	1.68984e+00	8.41489e-01
158BT_SMDL_1	8.91277e-01	415974	50743	369352	30288	16334	56763	2764	3429	309	40993	15770	3.16926e+01	3.06702e+01	6.09974e+01	2.83351e+01	46622	2.59943e+00	1.85429e+00	8.06066e-01
11C_VL_1	8.95016e-01	417719	48998	370298	30307	17114	58479	2783	3273	243	41847	16632	3.48029e+01	3.28104e+01	6.39278e+01	2.90042e+01	47421	2.51605e+00	1.77089e+00	8.50290e-01
119BC_PG_1	8.92365e-01	416482	50235	369567	30050	16865	57388	2884	3508	211	41115	16273	3.23486e+01	3.03696e+01	6.20526e+01	2.84027e+01	46915	2.52658e+00	1.78180e+00	8.22121e-01
335FQ_MiL_1	9.82503e-01	458551	8166	401679	36347	20525	69007	3812	4578	641	49142	19865	3.37248e+01	3.00990e+01	6.35549e+01	2.73717e+01	56872	2.47380e+00	1.77086e+00	8.32678e-01
146BO_JB_1	8.94962e-01	417694	49023	368895	32162	16637	58823	2983	3630	33	42381	16442	3.66750e+01	3.52412e+01	6.56677e+01	2.82553e+01	48799	2.57761e+00	1.93316e+00	8.21763e-01
84AD_PM_1	8.93231e-01	416886	49831	369661	30259	16966	57971	2809	3411	286	41809	16162	3.22943e+01	3.04233e+01	6.18398e+01	2.82184e+01	47225	2.58687e+00	1.78351e+00	8.23512e-01
22G_CS_1	8.97310e-01	418790	47927	371126	30394	17270	58821	2810	3303	194	42038	16783	3.73650e+01	3.60331e+01	6.57095e+01	2.89229e+01	47664	2.50480e+00	1.75993e+00	8.50742e-01
325AI_JM_1	9.81087e-01	457890	8827	400837	36635	20418	69181	3739	4551	435	49154	20027	3.42604e+01	3.17875e+01	6.33407e+01	2.74336e+01	57053	2.45439e+00	1.79425e+00	8.21578e-01
86AE_KM_1	8.96365e-01	418349	48368	371121	30211	17017	57893	2924	3428	475	41666	16227	3.60292e+01	3.44198e+01	6.49100e+01	2.81540e+01	47228	2.56770e+00	1.77534e+00	8.52975e-01
177CG_MF_1	8.90158e-01	415452	51265	368501	30031	16920	57652	2811	3408	409	41368	16284	3.15505e+01	2.95040e+01	6.13092e+01	2.83951e+01	46951	2.54041e+00	1.77488e+00	8.24824e-01
35K_MD_1	8.97597e-01	418924	47793	368498	33474	16952	60918	2956	3504	471	43599	17319	3.71545e+01	3.52452e+01	6.58495e+01	2.92375e+01	50426	2.51741e+00	1.97463e+00	8.43607e-01
362CQ_HAB_1	9.86144e-01	460250	6467	398343	41717	20190	72879	4079	5139	1506	51863	21016	4.98913e+01	4.64113e+01	7.36534e+01	2.57571e+01	61907	2.46779e+00	2.06622e+00	7.93734e-01
184CL_GF_1	8.91757e-01	416198	50519	369903	29145	17150	57227	2810	3408	246	41278	15949	3.18020e+01	3.02195e+01	6.11540e+01	2.82558e+01	46295	2.58812e+00	1.69942e+00	8.24531e-01
162BU_ShD_1	8.90355e-01	415544	51173	369133	29022	17389	57562	2806	3432	16	41396	16166	3.09271e+01	2.90569e+01	6.05241e+01	2.82869e+01	46411	2.56068e+00	1.66899e+00	8.17599e-01
168BZ_NP_1	8.91669e-01	416157	50560	370254	29659	16244	56037	2741	3369	231	40541	15496	3.17962e+01	3.08842e+01	6.07583e+01	2.85134e+01	45903	2.61622e+00	1.82584e+00	8.13595e-01
215DF_NB_1	8.97225e-01	418750	47967	371603	29588	17559	58374	2870	3462	270	41915	16459	3.53639e+01	3.51852e+01	6.37032e+01	2.85047e+01	47147	2.54663e+00	1.68506e+00	8.29001e-01
307FA_MM_1	9.77871e-01	456389	10328	399539	34672	22178	70092	4094	4842	970	50105	19987	3.06682e+01	2.82752e+01	6.05509e+01	2.75551e+01	56850	2.50688e+00	1.56335e+00	8.45518e-01
343FY_VS_1	9.76753e-01	455867	10850	399465	36081	20321	68842	3725	4156	591	49125	19717	2.86039e+01	2.56363e+01	5.81524e+01	2.83711e+01	56402	2.49150e+00	1.77555e+00	8.96295e-01
353HI_NS_1	9.76932e-01	455951	10766	399805	35993	20153	68551	3558	4190	605	48999	19552	2.91689e+01	2.62192e+01	5.86755e+01	2.83292e+01	56146	2.50609e+00	1.78599e+00	8.49165e-01
309FB_JW_1	9.80832e-01	457771	8946	401118	36806	19847	67551	4015	4934	388	48315	19236	3.26700e+01	2.95606e+01	6.27894e+01	2.71178e+01	56653	2.51170e+00	1.85449e+00	8.13741e-01
289AJ_NG_1	9.14241e-01	426692	40025	378108	30693	17891	59533	3032	3910	252	42955	16578	3.14119e+01	2.90636e+01	6.13638e+01	2.87168e+01	48584	2.59108e+00	1.71556e+00	7.75448e-01
134BJ_KR_1	8.94521e-01	417488	49229	370631	30020	16837	57568	2800	3326	226	41570	15998	3.32945e+01	3.19442e+01	6.23654e+01	2.80744e+01	46857	2.59845e+00	1.78298e+00	8.41852e-01
360EQ_DJ_1	9.85475e-01	459938	6779	402135	37335	20468	69630	3804	4837	617	49654	19976	4.22711e+01	3.94549e+01	6.89998e+01	2.63993e+01	57803	2.48568e+00	1.82407e+00	7.86438e-01
366CX_GP_1	9.86823e-01	460567	6150	402823	37635	20109	69011	3911	4931	471	48994	20017	4.48760e+01	4.17740e+01	7.08940e+01	2.59441e+01	57744	2.44762e+00	1.87155e+00	7.93145e-01
363CM_RA_1	9.85717e-01	460051	6666	401649	38460	19942	69654	3895	4795	723	49354	20300	4.58174e+01	4.27161e+01	7.14544e+01	2.60509e+01	58402	2.43123e+00	1.92859e+00	8.12304e-01
96AL_AC_1	8.95232e-01	417820	48897	370071	30897	16852	58152	2869	3580	661	41875	16277	3.47777e+01	3.36046e+01	6.38314e+01	2.82654e+01	47749	2.57265e+00	1.83343e+00	8.01397e-01
269EF_BK_1	9.81758e-01	458203	8514	400773	35325	22105	70200	4294	5041	1197	49845	20355	3.58726e+01	3.30155e+01	6.51500e+01	2.67584e+01	57430	2.44878e+00	1.59805e+00	8.51815e-01
128BG_AB_1	8.94788e-01	417613	49104	370211	30228	17174	58227	2900	3449	366	41869	16358	3.36469e+01	3.21848e+01	6.27384e+01	2.82565e+01	47402	2.55954e+00	1.76010e+00	8.40823e-01
247DT_SH_1	8.95142e-01	417778	48939	369228	31542	17008	59107	2953	3498	516	42554	16553	3.46936e+01	3.49265e+01	6.33914e+01	2.87273e+01	48550	2.57077e+00	1.85454e+00	8.44197e-01
64S_DM_1	8.78592e-01	410054	56663	365453	27911	16690	55717	2586	2988	123	40122	15595	2.85201e+01	3.06549e+01	5.58973e+01	2.80717e+01	44601	2.57275e+00	1.67232e+00	8.65462e-01
37L_NA_1	8.90872e-01	415785	50932	367027	31792	16966	59544	2808	3372	36	42478	17066	3.30628e+01	3.09486e+01	6.25054e+01	2.91333e+01	48758	2.48904e+00	1.87387e+00	8.32740e-01
317FE_DT_1	9.82304e-01	458458	8259	402116	36036	20306	67829	4019	4799	81	48456	19373	3.28410e+01	3.03284e+01	6.26860e+01	2.71515e+01	56342	2.50121e+00	1.77465e+00	8.37466e-01
336FR_ML_1	9.78595e-01	456727	9990	400627	35978	20122	68181	3627	4414	618	48658	19523	3.10172e+01	2.81940e+01	6.06690e+01	2.79757e+01	56100	2.49234e+00	1.78799e+00	8.21704e-01
47N_DL_1	8.98765e-01	419469	47248	370972	29207	19290	61201	2974	3612	723	43621	17580	4.09033e+01	3.88245e+01	6.84892e+01	2.89259e+01	48497	2.48129e+00	1.51410e+00	8.23367e-01
182CL_AF_1	8.90407e-01	415568	51149	369080	29474	17014	57208	2817	3477	32	41289	15919	3.07953e+01	2.96593e+01	5.99606e+01	2.87270e+01	46488	2.59369e+00	1.73234e+00	8.10181e-01
108AT_LH_1	8.93756e-01	417131	49586	370313	29849	16969	57406	2823	3558	461	41291	16115	3.32081e+01	3.16886e+01	6.25719e+01	2.82301e+01	46818	2.56227e+00	1.75903e+00	7.93423e-01
78Y_BT_1	8.96773e-01	418539	48178	371442	29774	17323	58270	2769	3381	820	41955	16315	3.45999e+01	3.34651e+01	6.32707e+01	2.81088e+01	47097	2.57156e+00	1.71876e+00	8.18988e-01
326FI_MT_1	9.77678e-01	456299	10418	400892	35100	20307	67950	3676	4088	548	48688	19262	2.80699e+01	2.45317e+01	5.77635e+01	2.82946e+01	55407	2.52767e+00	1.72847e+00	8.99217e-01
273EJ_KG_1	9.82068e-01	458348	8369	399883	38333	20132	69501	4327	4769	1478	49460	20041	3.57197e+01	3.28912e+01	6.48703e+01	2.69980e+01	58465	2.46794e+00	1.90408e+00	9.07318e-01
261EB_MH_1	9.84834e-01	459639	7078	402365	36992	20282	68354	4287	4915	602	48780	19574	3.81511e+01	3.46280e+01	6.73959e+01	2.63766e+01	57274	2.49208e+00	1.82388e+00	8.72228e-01
151BQ_BB_1	8.93062e-01	416807	49910	370228	30020	16559	57002	2779	3357	248	41003	15999	3.11877e+01	2.92303e+01	6.07939e+01	2.80913e+01	46579	2.56285e+00	1.81291e+00	8.27822e-01
33K_RD_1	9.00076e-01	420081	46636	368893	34087	17101	61671	2999	3619	98	43949	17722	4.15768e+01	3.97322e+01	6.88078e+01	2.89693e+01	51188	2.47991e+00	1.99328e+00	8.28682e-01
39L_WA_1	9.02699e-01	421305	45412	370830	32857	17618	61468	3031	3594	384	43749	17719	4.58716e+01	4.45905e+01	7.11429e+01	2.83656e+01	50475	2.46904e+00	1.86497e+00	8.43350e-01
141BM_AS_1	8.94842e-01	417638	49079	371101	29689	16848	56918	2909	3558	241	40931	15987	3.51533e+01	3.35408e+01	6.44655e+01	2.80806e+01	46537	2.56027e+00	1.76217e+00	8.17594e-01
183CL_CH_1	8.96059e-01	418206	48511	370614	30778	16814	57888	2926	3592	249	41603	16285	3.68113e+01	3.52538e+01	6.57405e+01	2.83980e+01	47592	2.55468e+00	1.83050e+00	8.14588e-01
169BZ_RP_1	8.87118e-01	414033	52684	368401	28994	16638	56362	2664	3244	242	40665	15697	2.97104e+01	2.93679e+01	5.84978e+01	2.83659e+01	45632	2.59062e+00	1.74264e+00	8.21208e-01
237DN_GP_1	8.97977e-01	419101	47616	371856	29982	17263	58183	2912	3413	399	41822	16361	3.71439e+01	3.74812e+01	6.50978e+01	2.86177e+01	47245	2.55620e+00	1.73678e+00	8.53208e-01
270EG_MK_1	9.78205e-01	456545	10172	400727	36076	19742	67236	3959	4365	719	48041	19195	3.27896e+01	3.25154e+01	5.86734e+01	2.95220e+01	55818	2.50279e+00	1.82737e+00	9.06987e-01
34K_JD_1	8.91114e-01	415898	50819	367869	31254	16775	58608	2816	3380	332	42091	16517	3.17906e+01	3.15007e+01	6.07960e+01	2.85794e+01	48029	2.54834e+00	1.86313e+00	8.33136e-01
260Z_AG_1	9.21473e-01	430067	36650	379931	32449	17687	60672	3067	4084	31	43458	17214	3.93266e+01	3.84740e+01	6.70010e+01	2.92077e+01	50136	2.52457e+00	1.83462e+00	7.50979e-01
41M_MW_1	9.00016e-01	420053	46664	372312	30310	17431	58816	2914	3442	28	41965	16851	4.13276e+01	3.96072e+01	6.85633e+01	2.87940e+01	47741	2.49036e+00	1.73886e+00	8.46601e-01
5B_PK_1	8.95367e-01	417883	48834	369890	30279	17714	59415	2903	3389	30	42427	16988	3.73451e+01	3.62072e+01	6.54289e+01	2.90498e+01	47993	2.49747e+00	1.70933e+00	8.56595e-01
348HD_JD_1	9.80453e-01	457594	9123	399912	35478	22204	71531	3829	4526	1552	50944	20587	3.23782e+01	3.00892e+01	6.14851e+01	2.77823e+01	57682	2.47457e+00	1.59782e+00	8.46001e-01
285CI_MG_1	9.17605e-01	428262	38455	380103	30253	17906	59165	3009	3891	261	42550	16615	3.22082e+01	3.08608e+01	6.15115e+01	2.89238e+01	48159	2.56094e+00	1.68955e+00	7.73323e-01
113AX_JC_1	9.02643e-01	421279	45438	373456	30731	17092	58739	2777	3399	245	42284	16455	3.38012e+01	3.27728e+01	6.27616e+01	2.84847e+01	47823	2.56967e+00	1.79798e+00	8.17005e-01
272EI_AG_1	9.82898e-01	458735	7982	401780	36798	20157	68069	4214	4829	623	48541	19528	3.51607e+01	3.19970e+01	6.48206e+01	2.67420e+01	56955	2.48571e+00	1.82557e+00	8.72644e-01
7B_AK_1	8.98279e-01	419242	47475	370789	30619	17834	59891	2900	3496	158	42837	17054	3.90573e+01	3.73589e+01	6.71540e+01	2.89791e+01	48453	2.51184e+00	1.71689e+00	8.29519e-01
235DM_KH_1	8.97632e-01	418940	47777	372248	29483	17209	57712	2769	3420	247	41586	16126	3.55540e+01	3.57197e+01	6.36671e+01	2.85432e+01	46692	2.57882e+00	1.71323e+00	8.09649e-01
337FS_TM_1	9.87907e-01	461073	5644	400355	40321	20397	71274	4253	5588	735	50495	20779	6.15561e+01	5.92550e+01	7.79195e+01	2.42854e+01	60718	2.43010e+00	1.97681e+00	7.61095e-01
199CT_RM_1	8.92890e-01	416727	49990	369105	30361	17261	58429	2929	3525	639	42124	16305	3.32865e+01	3.18982e+01	6.26349e+01	2.83547e+01	47622	2.58350e+00	1.75894e+00	8.30922e-01
94AJ_SG_1	8.88684e-01	414764	51953	367861	30390	16513	57098	2792	3526	32	41242	15856	3.18598e+01	3.13969e+01	6.06964e+01	2.83203e+01	46903	2.60103e+00	1.84037e+00	7.91832e-01
72R_DS_1	8.94049e-01	417268	49449	370422	30025	16821	57439	2764	3464	228	41209	16230	3.29348e+01	3.16963e+01	6.21411e+01	2.82246e+01	46846	2.53906e+00	1.78497e+00	7.97921e-01
275EL_BI_1	9.84922e-01	459680	7037	402275	37271	20134	68365	4253	4921	758	48730	19635	3.91020e+01	3.66910e+01	6.75525e+01	2.63602e+01	57405	2.48179e+00	1.85115e+00	8.64255e-01
192CP_ZS_1	8.90801e-01	415752	50965	367961	30667	17124	58572	2824	3519	26	42251	16321	3.33036e+01	3.30205e+01	6.20485e+01	2.82737e+01	47791	2.58875e+00	1.79088e+00	8.02501e-01
67T_SR_1	8.94306e-01	417388	49329	370410	30052	16926	57743	2801	3360	125	41464	16279	3.38591e+01	3.23081e+01	6.29405e+01	2.80261e+01	46978	2.54709e+00	1.77549e+00	8.33631e-01
115AY_NY_1	8.93730e-01	417119	49598	370320	30083	16716	57227	2885	3403	500	41145	16082	3.36963e+01	3.26098e+01	6.29295e+01	2.82192e+01	46799	2.55845e+00	1.79965e+00	8.47781e-01
83AD_AM_1	8.97735e-01	418988	47729	370818	31278	16892	58552	2940	3570	46	42011	16541	3.62777e+01	3.44403e+01	6.54209e+01	2.82198e+01	48170	2.53981e+00	1.85165e+00	8.23529e-01
198CS_MG_1	8.95001e-01	417712	49005	371009	29793	16910	57538	2737	3338	437	41534	16004	3.39433e+01	3.29370e+01	6.27755e+01	2.80572e+01	46703	2.59523e+00	1.76186e+00	8.19952e-01
253DY_HA_DNA	9.07220e-01	423415	43302	372658	33219	17538	61055	3228	4012	1208	43666	17389	5.73205e+01	5.08221e+01	7.75166e+01	2.79506e+01	50757	2.51113e+00	1.89412e+00	8.04586e-01
205E_BD_1	8.81247e-01	411293	55424	362350	31818	17125	58574	3965	3529	2689	41852	16722	5.13673e+01	4.91518e+01	3.74616e+01	3.60529e+01	48943	2.50281e+00	1.85799e+00	1.12355e+00
51O_NaM_1	8.75558e-01	408638	58079	362877	28656	17105	57262	2570	3034	274	41250	16012	2.86724e+01	3.14829e+01	5.57005e+01	2.80726e+01	45761	2.57619e+00	1.67530e+00	8.47067e-01
120BD_MW_1	8.92331e-01	416466	50251	370771	29085	16610	56175	2731	3399	227	40704	15471	3.23128e+01	3.09957e+01	6.15123e+01	2.80058e+01	45695	2.63099e+00	1.75105e+00	8.03472e-01
127BG_SB_1	8.94606e-01	417528	49189	370017	30510	17001	58003	2868	3641	235	41786	16217	3.44109e+01	3.31989e+01	6.35643e+01	2.81889e+01	47511	2.57668e+00	1.79460e+00	7.87696e-01
118BB_WA_1	8.96053e-01	418203	48514	371338	29864	17001	57652	2797	3417	477	41605	16047	3.44291e+01	3.28588e+01	6.34192e+01	2.81567e+01	46865	2.59270e+00	1.75660e+00	8.18554e-01
99AO_SS_1	8.96003e-01	418180	48537	370900	29635	17645	58552	2874	3499	31	42239	16313	3.49481e+01	3.33788e+01	6.40478e+01	2.81786e+01	47280	2.58928e+00	1.67951e+00	8.21378e-01
106AR_PD_1	8.93676e-01	417094	49623	370310	30174	16610	57077	2850	3467	540	41084	15993	3.23876e+01	3.02449e+01	6.22507e+01	2.82875e+01	46784	2.56887e+00	1.81662e+00	8.22036e-01
346HB_JB_1	9.78865e-01	456853	9864	402001	35236	19616	66726	3526	4216	602	47584	19142	2.93309e+01	2.55658e+01	5.91199e+01	2.80241e+01	54852	2.48584e+00	1.79629e+00	8.36338e-01
85AD_SM_1	8.95579e-01	417982	48735	370570	29963	17449	58401	2942	3518	241	41851	16550	3.58838e+01	3.45868e+01	6.47593e+01	2.80906e+01	47412	2.52876e+00	1.71718e+00	8.36271e-01
227DJ_JP_1	8.94514e-01	417485	49232	370806	29780	16899	57260	2834	3484	25	41298	15962	3.36618e+01	3.37780e+01	6.24360e+01	2.85398e+01	46679	2.58727e+00	1.76223e+00	8.13433e-01
15E_DD_1	8.95973e-01	418166	48551	370064	30874	17228	59082	2819	3429	159	42120	16962	3.72915e+01	3.56379e+01	6.58393e+01	2.90667e+01	48102	2.48320e+00	1.79208e+00	8.22106e-01
236DM_AW_1	8.97308e-01	418789	47928	372024	29866	16899	57462	2807	3395	233	41312	16150	3.56968e+01	3.57249e+01	6.40761e+01	2.85673e+01	46765	2.55802e+00	1.76732e+00	8.26804e-01
103AP_PG_1	8.92040e-01	416330	50387	370049	29626	16655	56791	2752	3393	251	40938	15853	3.24470e+01	3.05474e+01	6.19655e+01	2.82476e+01	46281	2.58235e+00	1.77881e+00	8.11082e-01
131BH_MS_1	8.92331e-01	416466	50251	370029	29345	17092	57389	2734	3406	206	41373	16016	3.14356e+01	2.99588e+01	6.08896e+01	2.81537e+01	46437	2.58323e+00	1.71689e+00	8.02701e-01
32J_CH_1	8.98285e-01	419245	47472	371646	29729	17870	59158	2889	3422	149	42092	17066	3.98228e+01	3.84863e+01	6.73957e+01	2.89621e+01	47599	2.46642e+00	1.66363e+00	8.44243e-01
226DI_AB_1	9.04351e-01	422076	44641	365534	38806	17736	66731	3292	4255	1087	47837	18894	5.00137e+01	4.97946e+01	7.30306e+01	2.79817e+01	56542	2.53186e+00	2.18798e+00	7.73678e-01
265EC_TO_1	9.83230e-01	458890	7827	401710	37613	19567	67722	4200	4825	434	48311	19411	3.63777e+01	3.34828e+01	6.54683e+01	2.67418e+01	57180	2.48885e+00	1.92227e+00	8.70466e-01
62R_CaM_1	8.78597e-01	410056	56661	364670	28665	16721	56481	2501	3125	40	40727	15754	2.99869e+01	3.27413e+01	5.69886e+01	2.79934e+01	45386	2.58518e+00	1.71431e+00	8.00320e-01
165BX_JT_1	8.95041e-01	417731	48986	371017	29586	17128	57618	2782	3442	429	41554	16064	3.45405e+01	3.24707e+01	6.39552e+01	2.83388e+01	46714	2.58678e+00	1.72735e+00	8.08251e-01
234DM_LC_1	8.93998e-01	417244	49473	370873	29719	16652	56952	2712	3359	32	41145	15807	3.40586e+01	3.32538e+01	6.31151e+01	2.85322e+01	46371	2.60296e+00	1.78471e+00	8.07383e-01
359HN_YT_1	9.88381e-01	461294	5423	401516	39832	19946	69878	4153	5693	704	49387	20491	6.58255e+01	6.00028e+01	8.04131e+01	2.36914e+01	59778	2.41018e+00	1.99699e+00	7.29492e-01
176CG_JF_1	8.97336e-01	418802	47915	370670	30930	17202	58815	2958	3561	461	42199	16616	3.59944e+01	3.48388e+01	6.49000e+01	2.81835e+01	48132	2.53966e+00	1.79805e+00	8.30666e-01
89AF_GHT_1	8.94311e-01	417390	49327	370791	29769	16830	57226	2790	3413	226	41095	16131	3.31369e+01	3.17270e+01	6.22810e+01	2.80402e+01	46599	2.54758e+00	1.76881e+00	8.17463e-01
290AJ_ShG_1	9.30740e-01	434392	32325	384857	31256	18279	60737	3079	3998	293	43658	17079	3.67458e+01	3.54676e+01	6.51492e+01	2.92840e+01	49535	2.55624e+00	1.70994e+00	7.70135e-01
102AP_BG_1	8.91842e-01	416238	50479	369202	30473	16563	57281	2841	3477	27	41489	15792	3.36304e+01	3.26504e+01	6.26313e+01	2.82030e+01	47036	2.62722e+00	1.83982e+00	8.17084e-01
213DE_VD_1	8.91330e-01	415999	50718	369581	30019	16399	56829	2672	3316	458	40920	15909	3.21952e+01	3.20086e+01	6.09906e+01	2.85466e+01	46418	2.57213e+00	1.83054e+00	8.05790e-01
344FZ_AS_1	9.80251e-01	457500	9217	401517	35435	20548	68347	3702	4482	592	48684	19663	3.18676e+01	2.94300e+01	6.12562e+01	2.78351e+01	55983	2.47592e+00	1.72450e+00	8.25971e-01
61R_EM_1	8.87469e-01	414197	52520	366840	30679	16678	57841	2767	3427	42	41711	16130	3.35995e+01	3.69854e+01	6.04538e+01	2.79998e+01	47357	2.58593e+00	1.83949e+00	8.07412e-01
157BT_CLM_1	8.93942e-01	417218	49499	370152	30669	16397	57212	2768	3483	31	41267	15945	3.34577e+01	3.21315e+01	6.26563e+01	2.81593e+01	47066	2.58808e+00	1.87040e+00	7.94717e-01
107AS_BC_1	8.95191e-01	417801	48916	370208	30656	16937	58107	2886	3537	477	41887	16220	3.42038e+01	3.24325e+01	6.37022e+01	2.83387e+01	47593	2.58243e+00	1.81000e+00	8.15946e-01
295EV_GH_1	9.81051e-01	457873	8844	400931	36317	20625	68629	4144	4794	333	49084	19545	3.15376e+01	2.87353e+01	6.17241e+01	2.72472e+01	56942	2.51133e+00	1.76082e+00	8.64414e-01
225DI_MYB_1	8.93762e-01	417134	49583	364827	35871	16436	62257	2948	3538	753	44814	17443	3.22199e+01	3.21586e+01	6.13096e+01	2.90656e+01	52307	2.56917e+00	2.18247e+00	8.33239e-01
112AX_RC_1	8.94084e-01	417284	49433	370638	29962	16684	57065	2808	3457	29	41152	15913	3.38280e+01	3.30043e+01	6.26037e+01	2.81801e+01	46646	2.58606e+00	1.79585e+00	8.12265e-01
233DL_KS_1	8.92102e-01	416359	50358	369935	29899	16525	56897	2680	3372	229	41038	15859	3.25243e+01	3.26434e+01	6.12441e+01	2.83783e+01	46424	2.58768e+00	1.80932e+00	7.94781e-01
310FB_SW_1	9.81558e-01	458110	8607	401882	36325	19903	67325	3985	4821	294	48231	19094	3.18436e+01	2.75631e+01	6.26053e+01	2.70645e+01	56228	2.52598e+00	1.82510e+00	8.26592e-01
364EX_SLD_1	9.83324e-01	458934	7783	402879	33753	22302	69805	3894	4658	119	49733	20072	3.82571e+01	3.50933e+01	6.63000e+01	2.68682e+01	56055	2.47773e+00	1.51345e+00	8.35981e-01
44M_SW_1	8.99037e-01	419596	47121	371511	30833	17252	58960	2823	3554	37	42099	16861	3.80820e+01	3.74475e+01	6.61004e+01	2.85711e+01	48085	2.49683e+00	1.78721e+00	7.94316e-01
214DF_AB_1	8.92828e-01	416698	50019	368937	31176	16585	58236	2814	3296	31	41899	16337	3.24978e+01	3.27542e+01	6.13976e+01	2.87768e+01	47761	2.56467e+00	1.87977e+00	8.53762e-01
91AH_AL_1	8.90471e-01	415598	51119	371283	21946	22369	60024	2994	3666	1064	43212	16812	3.11233e+01	2.90017e+01	6.05157e+01	2.78473e+01	44315	2.57031e+00	9.81090e-01	8.16694e-01
36K_RD_1	8.92723e-01	416649	50068	365386	34295	16968	61898	2887	3446	1229	44150	17748	3.50655e+01	3.38297e+01	6.38089e+01	2.92398e+01	51263	2.48760e+00	2.02116e+00	8.37783e-01
311FC_DT_1	9.80369e-01	457555	9162	401686	36233	19636	66844	3900	4761	82	47984	18860	3.02913e+01	2.68554e+01	6.07535e+01	2.74296e+01	55869	2.54422e+00	1.84523e+00	8.19156e-01
110AV_CR_1	8.95174e-01	417793	48924	370657	30416	16720	57499	2847	3510	470	41312	16187	3.49354e+01	3.38081e+01	6.38694e+01	2.80756e+01	47136	2.55217e+00	1.81914e+00	8.11111e-01
152BQ_AB_1	8.95980e-01	418169	48548	370726	30452	16991	58077	2901	3456	297	41772	16305	3.58070e+01	3.49427e+01	6.45166e+01	2.81089e+01	47443	2.56191e+00	1.79224e+00	8.39410e-01
301EX_RD_1	9.78100e-01	456496	10221	399452	37063	19981	68084	4074	4867	257	48568	19516	2.99511e+01	2.66725e+01	6.02326e+01	2.76270e+01	57044	2.48862e+00	1.85491e+00	8.37066e-01
26I_SK_1	8.94174e-01	417326	49391	368600	31549	17177	59859	2809	3235	36	42904	16955	3.44381e+01	3.31532e+01	6.34625e+01	2.89894e+01	48726	2.53046e+00	1.83670e+00	8.68315e-01
296EV_JC_1	9.80470e-01	457602	9115	401023	36896	19683	67404	4095	4763	343	48403	19001	3.15824e+01	2.84685e+01	6.18071e+01	2.72617e+01	56579	2.54739e+00	1.87451e+00	8.59752e-01
322FH_MB_1	9.77907e-01	456406	10311	401126	35458	19822	67327	3611	4164	560	47926	19401	3.00803e+01	2.67901e+01	5.98275e+01	2.80897e+01	55280	2.47029e+00	1.78882e+00	8.67195e-01
40L_NHA_1	8.97287e-01	418779	47938	369400	32308	17071	60130	2881	3439	47	42928	17202	3.77795e+01	3.64109e+01	6.61837e+01	2.89784e+01	49379	2.49552e+00	1.89257e+00	8.37744e-01
217DG_AC_1	8.94574e-01	417513	49204	371136	29603	16774	57095	2807	3249	22	41104	15991	3.31825e+01	3.28487e+01	6.19749e+01	2.86451e+01	46377	2.57045e+00	1.76481e+00	8.63958e-01
268EE_RY_1	9.81696e-01	458174	8543	401467	36692	20015	67702	4235	4785	547	48313	19389	3.53450e+01	3.18744e+01	6.50938e+01	2.67884e+01	56707	2.49177e+00	1.83323e+00	8.85057e-01
124BF_MT_1	8.94986e-01	417705	49012	370547	30057	17101	57900	2843	3516	230	41720	16180	3.44927e+01	3.32923e+01	6.35064e+01	2.81233e+01	47158	2.57849e+00	1.75762e+00	8.08589e-01
349HE_AJ_1	7.37209e-01	344068	122649	310593	19345	14130	43556	1852	2197	878	31437	12119	1.33605e+01	1.15618e+01	3.39425e+01	2.80741e+01	33475	2.59403e+00	1.36907e+00	8.42968e-01
80AA_AB_1	8.95463e-01	417928	48789	370037	30506	17385	58654	3003	3619	606	42238	16416	3.54154e+01	3.38890e+01	6.46007e+01	2.82561e+01	47891	2.57298e+00	1.75473e+00	8.29787e-01
156BS_SF_1	8.91397e-01	416030	50687	369118	29090	17822	58338	2930	3466	933	41890	16448	3.13236e+01	2.93795e+01	6.10500e+01	2.81824e+01	46912	2.54681e+00	1.63225e+00	8.45355e-01
93S_JM_1	8.91082e-01	415883	50834	369953	29096	16834	56605	2791	3368	116	40792	15813	3.09117e+01	2.89213e+01	6.04727e+01	2.81207e+01	45930	2.57965e+00	1.72841e+00	8.28682e-01
69T_GG_1	8.95568e-01	417977	48740	371266	29484	17227	57790	2779	3369	261	41790	16000	3.35379e+01	3.23343e+01	6.25118e+01	2.82688e+01	46711	2.61188e+00	1.71150e+00	8.24874e-01
163BV_JE_1	8.93914e-01	417205	49512	370720	29873	16612	56788	2819	3490	417	40998	15790	3.34576e+01	3.30177e+01	6.22080e+01	2.85383e+01	46485	2.59645e+00	1.79828e+00	8.07736e-01
56Q_RA_1	8.72614e-01	407264	59453	363629	27061	16574	54972	2378	2859	147	39724	15248	2.78267e+01	3.06420e+01	5.48049e+01	2.79662e+01	43635	2.60519e+00	1.63274e+00	8.31759e-01
155BR_LB_1	8.93389e-01	416960	49757	370236	29770	16954	57485	2828	3365	237	41351	16134	3.31808e+01	3.22058e+01	6.20003e+01	2.82262e+01	46724	2.56297e+00	1.75593e+00	8.40416e-01
73U_SB_1	8.88841e-01	414837	51880	369191	28888	16758	56520	2658	3226	213	40747	15773	2.93710e+01	2.71414e+01	5.88940e+01	2.83160e+01	45646	2.58334e+00	1.72383e+00	8.23931e-01
220DH_LB_1	9.06779e-01	423209	43508	374387	31677	17145	58992	3012	3963	47	42292	16700	4.92226e+01	4.79974e+01	7.31016e+01	2.77603e+01	48822	2.53246e+00	1.84759e+00	7.60030e-01
100AO_HS_1	8.94092e-01	417288	49429	369773	30309	17206	58271	2916	3534	428	42035	16236	3.52757e+01	3.47905e+01	6.37697e+01	2.85094e+01	47515	2.58900e+00	1.76154e+00	8.25127e-01
189CO_AJ_1	8.97840e-01	419037	47680	371493	30267	17277	58170	2982	3669	453	41761	16409	3.61432e+01	3.51347e+01	6.49886e+01	2.82162e+01	47544	2.54501e+00	1.75187e+00	8.12756e-01
293BU_MD_1	8.97612e-01	418931	47786	371628	30004	17299	57878	2881	3843	72	41714	16164	3.21582e+01	3.04788e+01	6.17715e+01	2.84079e+01	47303	2.58067e+00	1.73444e+00	7.49675e-01
140BM_JB_1	8.96901e-01	418599	48118	372382	29472	16745	56684	2832	3446	33	40884	15800	3.51062e+01	3.43264e+01	6.36939e+01	2.79446e+01	46217	2.58759e+00	1.76005e+00	8.21822e-01
144BN_JB_1	8.93606e-01	417061	49656	370493	29764	16804	57049	2891	3432	237	41135	15914	3.34761e+01	3.16482e+01	6.28934e+01	2.82358e+01	46568	2.58483e+00	1.77124e+00	8.42366e-01
149BP_AB_1	8.92222e-01	416415	50302	367480	32054	16881	59379	2896	3541	338	42708	16671	3.33895e+01	3.19410e+01	6.27950e+01	2.83237e+01	48935	2.56181e+00	1.89882e+00	8.17848e-01
299EW_SP_1	9.77213e-01	456082	10635	400255	36076	19751	67160	3876	4542	299	47985	19175	2.74142e+01	2.33103e+01	5.79675e+01	2.79195e+01	55827	2.50248e+00	1.82654e+00	8.53369e-01
216DF_EB_1	8.96625e-01	418470	48247	370291	31077	17102	58816	2991	3474	297	42317	16499	3.58496e+01	3.44553e+01	6.49892e+01	2.89704e+01	48179	2.56482e+00	1.81716e+00	8.60967e-01
238DO_PP_1	8.95196e-01	417803	48914	370172	30590	17041	58455	2867	3350	443	42056	16399	3.28259e+01	3.25252e+01	6.17751e+01	2.87832e+01	47631	2.56455e+00	1.79508e+00	8.55821e-01
357HM_JK_1	9.85979e-01	460173	6544	399204	40548	20421	71530	4290	5570	1455	50573	20957	5.57635e+01	5.16144e+01	7.71576e+01	2.47625e+01	60969	2.41318e+00	1.98560e+00	7.70197e-01
249DU_TR_1	9.39689e-01	438569	28148	387794	32235	18540	62088	3240	3987	532	44414	17674	4.98705e+01	4.86711e+01	7.24817e+01	2.96131e+01	50775	2.51296e+00	1.73867e+00	8.12641e-01
244DR_JT_1	8.93162e-01	416854	49863	370826	29561	16467	56408	2700	3387	237	40779	15629	3.15047e+01	3.02436e+01	6.09571e+01	2.85518e+01	46028	2.60919e+00	1.79517e+00	7.97166e-01
70J_SH_1	8.92772e-01	416672	50045	369939	29999	16734	57143	2862	3462	20	41046	16097	3.45396e+01	3.41090e+01	6.32939e+01	2.83413e+01	46733	2.54992e+00	1.79270e+00	8.26690e-01
303EY_TB_1	9.80592e-01	457659	9058	401568	35937	20154	67389	4024	4832	567	48027	19362	3.29711e+01	3.02501e+01	6.29328e+01	2.70638e+01	56091	2.48048e+00	1.78312e+00	8.32781e-01
259Z_AP_1	9.03680e-01	421763	44954	373751	30532	17480	58694	2921	3877	76	42235	16459	3.18257e+01	2.97255e+01	6.14238e+01	2.86906e+01	48012	2.56607e+00	1.74668e+00	7.53418e-01
55P_FL_1	8.79983e-01	410703	56014	365246	28628	16829	56343	2679	3264	324	40687	15656	3.02252e+01	3.30678e+01	5.74440e+01	2.78734e+01	45457	2.59881e+00	1.70111e+00	8.20772e-01
92AI_SM_1	8.92727e-01	416651	50066	369167	30466	17018	58222	2781	3499	29	41909	16313	3.43591e+01	3.36464e+01	6.31075e+01	2.80178e+01	47484	2.56906e+00	1.79022e+00	7.94799e-01
347HC_JB_1	9.77524e-01	456227	10490	401316	34949	19962	67142	3558	4173	623	48036	19106	2.91201e+01	2.58188e+01	5.87499e+01	2.80809e+01	54911	2.51418e+00	1.75078e+00	8.52624e-01
327FJ_PR_1	9.81912e-01	458275	8442	402016	36204	20055	68114	3785	4415	600	48559	19555	3.32318e+01	2.96288e+01	6.29797e+01	2.74850e+01	56259	2.48320e+00	1.80524e+00	8.57305e-01
29I_KA_1	8.96192e-01	418268	48449	368942	32125	17201	60070	2952	3505	312	42909	17161	3.88642e+01	3.71085e+01	6.70868e+01	2.87690e+01	49326	2.50038e+00	1.86762e+00	8.42225e-01
60R_GM_1	8.69036e-01	405594	61123	361685	27379	16530	55277	2330	2832	133	39883	15394	2.72715e+01	2.95864e+01	5.42561e+01	2.80331e+01	43909	2.59081e+00	1.65632e+00	8.22740e-01
175CF_BH_1	8.91894e-01	416262	50455	370023	29446	16793	57087	2711	3234	405	41134	15953	3.03910e+01	2.87889e+01	5.97254e+01	2.83258e+01	46239	2.57845e+00	1.75347e+00	8.38281e-01
358BC_MG_1	9.87903e-01	461071	5646	402201	38668	20202	69526	4066	5480	491	49117	20409	5.97143e+01	5.74557e+01	7.73779e+01	2.46473e+01	58870	2.40663e+00	1.91407e+00	7.41971e-01
133BJ_JR_1	8.94761e-01	417600	49117	370750	29969	16881	57454	2853	3424	29	41394	16060	3.35513e+01	3.14478e+01	6.30679e+01	2.81336e+01	46850	2.57746e+00	1.77531e+00	8.33236e-01
2A_SL_1	8.97835e-01	419035	47682	371080	30725	17230	59130	2724	3331	32	42314	16816	3.68631e+01	3.52067e+01	6.54632e+01	2.89306e+01	47955	2.51629e+00	1.78323e+00	8.17772e-01
320FF_KM_1	9.81794e-01	458220	8497	402087	35850	20283	68101	3772	4543	595	48449	19652	3.54841e+01	3.35954e+01	6.43348e+01	2.73580e+01	56133	2.46535e+00	1.76749e+00	8.30288e-01
197CR_DH_1	8.93306e-01	416921	49796	370580	29792	16549	56639	2835	3416	232	40713	15926	3.37282e+01	3.20052e+01	6.31746e+01	2.81481e+01	46341	2.55639e+00	1.80023e+00	8.29918e-01
313FC_FT_1	9.80624e-01	457674	9043	401092	36731	19851	67767	3935	4731	588	48373	19394	3.09692e+01	2.69444e+01	6.17997e+01	2.72556e+01	56582	2.49423e+00	1.85033e+00	8.31748e-01
66T_NG_1	8.95418e-01	417907	48810	370553	30501	16853	57920	2794	3493	23	41727	16193	3.64996e+01	3.53688e+01	6.51671e+01	2.81383e+01	47354	2.57685e+00	1.80983e+00	7.99885e-01
338FT_DM_1	9.80386e-01	457563	9154	400682	37332	19549	68395	3715	4320	652	48703	19692	3.14686e+01	2.87006e+01	6.10440e+01	2.78799e+01	56881	2.47324e+00	1.90966e+00	8.59954e-01
345HA_RL_1	9.84070e-01	459282	7435	400803	38061	20418	69614	4057	5226	641	49216	20398	4.52904e+01	4.49218e+01	7.03070e+01	2.59999e+01	58479	2.41279e+00	1.86409e+00	7.76311e-01
276EM_MH_1	9.84524e-01	459494	7223	401852	35524	22118	70361	4363	5036	1416	50157	20204	4.04588e+01	3.75299e+01	6.88134e+01	2.61991e+01	57642	2.48253e+00	1.60611e+00	8.66362e-01
340FV_DP_1	9.82722e-01	458653	8064	401261	36933	20459	69265	3909	4677	652	49252	20013	3.31571e+01	2.78151e+01	6.39345e+01	2.75899e+01	57392	2.46100e+00	1.80522e+00	8.35792e-01
