Sample	callRate	nCalled	nNotCalled	nHomRef	nHet	nHomVar	nSNP	nInsertion	nDeletion	nSingleton	nTransition	nTransversion	dpMean	dpStDev	gqMean	gqStDev	nNonRef	rTiTv	rHetHomVar	rInsertionDeletion
796NIH	9.80863e-01	34305799	669327	29409655	3201359	1694785	5406050	557336	627543	2838	3604433	1801617	3.04644e+01	5.16711e+01	7.24407e+01	3.20897e+01	4896144	2.00067e+00	1.88895e+00	8.88124e-01
1460NIH	9.80161e-01	34281247	693879	29384442	3139752	1757053	5447411	574503	631943	13251	3640438	1806973	3.00347e+01	4.08896e+01	7.21828e+01	3.18759e+01	4896805	2.01466e+00	1.78694e+00	9.09106e-01
767NIH	9.83436e-01	34395804	579322	29460255	3181327	1754222	5429783	607127	652860	18002	3617568	1812215	3.81293e+01	4.21530e+01	8.13203e+01	3.10577e+01	4935549	1.99621e+00	1.81353e+00	9.29950e-01
1803NIH	9.78288e-01	34215747	759379	29347513	3160010	1708224	5384772	562298	629387	37810	3596335	1788437	2.95407e+01	3.85035e+01	7.24474e+01	3.20970e+01	4868234	2.01088e+00	1.84988e+00	8.93406e-01
1447NIH	9.86871e-01	34515938	459188	29516526	3130104	1869308	5514792	661489	692438	4256	3661710	1853082	4.95879e+01	4.72542e+01	8.56852e+01	2.89757e+01	4999412	1.97601e+00	1.67447e+00	9.55304e-01
1503NIH	9.81018e-01	34311240	663886	29297330	3270972	1742938	5493181	602262	661403	3386	3650365	1842816	2.93539e+01	4.03751e+01	7.15484e+01	3.18908e+01	5013910	1.98086e+00	1.87670e+00	9.10583e-01
218NIH	9.78641e-01	34228081	747045	29409212	3107409	1711460	5373402	554516	602410	4191	3590644	1782758	2.89528e+01	3.82452e+01	7.11590e+01	3.17775e+01	4818869	2.01410e+00	1.81565e+00	9.20496e-01
1524NIH	9.81966e-01	34344376	630750	29307316	3326652	1710408	5486092	605455	655918	27323	3648598	1837494	3.43389e+01	4.26555e+01	7.75684e+01	3.23814e+01	5037060	1.98564e+00	1.94495e+00	9.23065e-01
1836NIH	9.81772e-01	34337612	637514	29248505	3409872	1679235	5491115	597433	679794	4548	3659269	1831846	3.07694e+01	5.00653e+01	7.19292e+01	3.24951e+01	5089107	1.99759e+00	2.03061e+00	8.78844e-01
1479NIH	9.87950e-01	34553685	421441	29484282	3207474	1861929	5547843	680626	702862	4708	3680353	1867490	5.84051e+01	5.33290e+01	8.76074e+01	2.75308e+01	5069403	1.97075e+00	1.72266e+00	9.68364e-01
654NIH	9.88683e-01	34579320	395806	29472157	3378852	1728311	5467897	675981	691596	5132	3624900	1842997	6.34236e+01	5.57973e+01	8.79502e+01	2.73021e+01	5107163	1.96685e+00	1.95500e+00	9.77422e-01
1500NIH	9.87091e-01	34523622	451504	29374198	3422201	1727223	5515665	658440	702541	3586	3665430	1850235	4.94103e+01	5.08787e+01	8.59344e+01	2.88719e+01	5149424	1.98106e+00	1.98133e+00	9.37226e-01
1828NIH	9.83191e-01	34387215	587911	29403577	3245563	1738075	5479815	589939	651959	2649	3649420	1830395	3.30779e+01	5.40907e+01	7.63170e+01	3.21003e+01	4983638	1.99379e+00	1.86733e+00	9.04871e-01
398NIH	9.86923e-01	34517769	457357	29431071	3344419	1742279	5472546	663707	692722	3738	3638137	1834409	4.87811e+01	5.17772e+01	8.56356e+01	2.88757e+01	5086698	1.98327e+00	1.91957e+00	9.58115e-01
229NIH	9.75946e-01	34133825	841301	29418251	2967204	1748370	5389126	510369	564449	2635	3601425	1787701	2.93131e+01	5.14235e+01	6.93632e+01	3.32164e+01	4715574	2.01456e+00	1.69713e+00	9.04190e-01
2421NIH	9.82508e-01	34363349	611777	29395582	3217322	1750445	5463789	592738	661683	12225	3639116	1824673	3.46914e+01	5.79154e+01	7.74244e+01	3.19451e+01	4967767	1.99439e+00	1.83800e+00	8.95804e-01
1779NIH	9.85497e-01	34467872	507254	29418117	3354983	1694772	5469901	606753	667871	46801	3648084	1821817	3.95846e+01	5.44925e+01	8.22952e+01	3.08760e+01	5049755	2.00244e+00	1.97961e+00	9.08488e-01
1246NIH	9.79950e-01	34273866	701260	29479399	2930310	1864157	5463216	565794	629614	10468	3650639	1812577	3.06586e+01	4.91233e+01	7.28158e+01	3.21621e+01	4794467	2.01406e+00	1.57192e+00	8.98636e-01
1595NIH	9.86579e-01	34505716	469410	29426810	3321908	1756998	5500563	650175	685166	27086	3657554	1843009	5.26151e+01	5.30576e+01	8.58704e+01	2.89248e+01	5078906	1.98456e+00	1.89067e+00	9.48931e-01
757NIH	9.87737e-01	34546219	428907	29336970	3484628	1724621	5540428	677321	716121	5547	3677293	1863135	4.89803e+01	4.81212e+01	8.62379e+01	2.83756e+01	5209249	1.97371e+00	2.02052e+00	9.45819e-01
177NIH	9.82507e-01	34363299	611827	29081635	3619496	1662168	5662150	608301	673381	28694	3763333	1898817	3.16340e+01	4.83566e+01	7.46601e+01	3.20577e+01	5281664	1.98194e+00	2.17758e+00	9.03353e-01
1681NIH	9.80585e-01	34296079	679047	29401309	3188632	1706138	5420286	562632	617990	25734	3620347	1799939	2.93161e+01	5.31929e+01	6.98753e+01	3.21658e+01	4894770	2.01137e+00	1.86892e+00	9.10422e-01
664NIH	9.80154e-01	34281022	694104	29400198	3189320	1691504	5405806	549067	617454	2252	3609522	1796284	3.19959e+01	5.16026e+01	7.48962e+01	3.22039e+01	4880824	2.00944e+00	1.88549e+00	8.89244e-01
1781NIH	9.87689e-01	34544541	430585	29535541	3146819	1862181	5509575	672459	689147	3765	3661385	1848190	5.99042e+01	5.31650e+01	8.78094e+01	2.74221e+01	5009000	1.98107e+00	1.68986e+00	9.75785e-01
2615NIH	9.81204e-01	34317742	657384	29467744	3127490	1722508	5405402	554794	612310	44823	3608704	1796698	3.15688e+01	5.11958e+01	7.38731e+01	3.22145e+01	4849998	2.00852e+00	1.81566e+00	9.06067e-01
1633NIH	9.83601e-01	34401555	573571	29428098	3298481	1674976	5437979	573665	636788	29658	3623530	1814449	3.50234e+01	5.53834e+01	7.80026e+01	3.19621e+01	4973457	1.99704e+00	1.96927e+00	9.00873e-01
2408NIH	9.82678e-01	34369273	605853	29419730	3178883	1770660	5448766	600796	670638	11059	3628695	1820071	3.31951e+01	4.15423e+01	7.64658e+01	3.22745e+01	4949543	1.99371e+00	1.79531e+00	8.95857e-01
662NIH	9.81379e-01	34323838	651288	29378417	3254860	1690561	5388251	588200	659528	12389	3596328	1791923	3.03835e+01	3.88159e+01	7.36254e+01	3.15221e+01	4945421	2.00697e+00	1.92531e+00	8.91850e-01
338NIH	9.86829e-01	34514467	460659	29514142	3239776	1760549	5426392	639602	694879	3172	3617204	1809188	3.66708e+01	4.16006e+01	8.10535e+01	3.07793e+01	5000325	1.99935e+00	1.84021e+00	9.20451e-01
1653NIH	9.81773e-01	34337619	637507	29432524	3164564	1740531	5428244	573718	643664	2820	3617466	1810778	3.25020e+01	5.56886e+01	7.41027e+01	3.23845e+01	4905095	1.99774e+00	1.81816e+00	8.91332e-01
1521NIH	9.85637e-01	34472790	502336	29514954	3180778	1777058	5461611	605944	667339	38202	3637093	1824518	3.98878e+01	5.55150e+01	8.19896e+01	3.13323e+01	4957836	1.99345e+00	1.78991e+00	9.08000e-01
337NIH	9.78599e-01	34226613	748513	29385201	3133896	1707516	5404928	538471	605529	6450	3611230	1793698	2.98572e+01	5.15702e+01	7.12085e+01	3.23201e+01	4841412	2.01329e+00	1.83535e+00	8.89257e-01
2621NIH	9.86238e-01	34493795	481331	29353254	3411145	1729396	5507484	647447	715006	48371	3666257	1841227	2.90533e+01	3.96479e+01	7.00001e+01	3.11706e+01	5140541	1.99120e+00	1.97245e+00	9.05513e-01
2527NIH	9.89567e-01	34610233	364893	28928069	4024035	1658129	5894226	710144	735923	178172	3916875	1977351	6.64588e+01	7.23688e+01	8.83028e+01	2.70155e+01	5682164	1.98087e+00	2.42685e+00	9.64971e-01
200NIH	9.88483e-01	34572307	402819	29488969	3335586	1747752	5473529	669762	687797	4671	3631417	1842112	5.93941e+01	5.38518e+01	8.74226e+01	2.77808e+01	5083338	1.97133e+00	1.90850e+00	9.73779e-01
1315NIH	9.79812e-01	34269037	706089	29414439	3075704	1778894	5443385	562390	627717	25236	3636314	1807071	2.95653e+01	4.74107e+01	7.18623e+01	3.17446e+01	4854598	2.01227e+00	1.72900e+00	8.95929e-01
2407NIH	9.83877e-01	34411206	563920	29439636	3261758	1709812	5462453	577614	641313	17056	3645945	1816508	3.60677e+01	5.54670e+01	7.92404e+01	3.22532e+01	4971570	2.00712e+00	1.90767e+00	9.00674e-01
1800NIH	9.81126e-01	34315005	660121	28782611	3981454	1550940	5801196	605766	676372	4895	3866997	1934199	3.05824e+01	4.97694e+01	7.22239e+01	3.22737e+01	5532394	1.99928e+00	2.56712e+00	8.95611e-01
397NIH	9.87351e-01	34532743	442383	29402508	3386633	1743602	5502106	665196	706534	4655	3651727	1850379	4.86797e+01	4.80168e+01	8.57674e+01	2.88845e+01	5130235	1.97350e+00	1.94232e+00	9.41492e-01
1445NIH	9.80561e-01	34295262	679864	29467112	3048877	1779273	5448454	560468	598499	4871	3637940	1810514	3.19137e+01	4.01766e+01	7.54212e+01	3.22045e+01	4828150	2.00934e+00	1.71355e+00	9.36456e-01
1046NIH	9.81775e-01	34337689	637437	29401810	3194598	1741281	5471596	573096	632466	9759	3651811	1819785	3.16573e+01	5.09896e+01	7.45822e+01	3.21475e+01	4935879	2.00673e+00	1.83463e+00	9.06129e-01
1287NIH	9.81068e-01	34312991	662135	29364430	3164716	1783845	5483722	597310	651373	4613	3649440	1834282	3.00319e+01	3.89045e+01	7.25198e+01	3.20334e+01	4948561	1.98957e+00	1.77410e+00	9.17001e-01
1526NIH	9.82713e-01	34370528	604598	29401526	3176964	1792038	5482425	599824	678789	50671	3653634	1828791	3.10960e+01	4.95055e+01	7.35687e+01	3.20520e+01	4969002	1.99784e+00	1.77282e+00	8.83668e-01
1590NIH	9.81229e-01	34318611	656515	29324643	3262843	1731125	5465674	592280	667138	10594	3648740	1816934	3.05411e+01	3.94574e+01	7.42227e+01	3.15736e+01	4993968	2.00819e+00	1.88481e+00	8.87792e-01
1664NIH	9.84637e-01	34437808	537318	29462130	3238338	1737340	5434440	614996	663580	13071	3617196	1817244	3.95520e+01	6.30364e+01	8.10735e+01	3.10657e+01	4975678	1.99048e+00	1.86396e+00	9.26785e-01
1238NIH	9.81165e-01	34316375	658751	29517686	2826975	1971714	5479287	605562	685554	2853	3656312	1822975	3.02964e+01	4.82678e+01	7.16693e+01	3.18243e+01	4798689	2.00568e+00	1.43377e+00	8.83318e-01
446NIH	9.87356e-01	34532887	442239	29390037	3400790	1742060	5502471	671720	710718	3955	3654112	1848359	5.00676e+01	5.06013e+01	8.64201e+01	2.83026e+01	5142850	1.97695e+00	1.95217e+00	9.45129e-01
1815NIH	9.83040e-01	34381931	593195	29460307	3159355	1762269	5435735	596176	651982	18679	3614916	1820819	3.10988e+01	4.77967e+01	7.40278e+01	3.19304e+01	4921624	1.98532e+00	1.79278e+00	9.14406e-01
759NIH	9.80975e-01	34309725	665401	29392336	3219442	1697947	5433078	561126	621132	20036	3623024	1810054	3.09388e+01	4.77953e+01	7.37776e+01	3.23483e+01	4917389	2.00161e+00	1.89608e+00	9.03393e-01
1330NIH	9.81409e-01	34324905	650221	29365260	3110089	1849556	5550503	603980	654718	19120	3700181	1850322	3.01299e+01	4.02140e+01	7.23762e+01	3.21153e+01	4959645	1.99975e+00	1.68153e+00	9.22504e-01
1829NIH	9.82745e-01	34371634	603492	29326206	3345526	1699902	5517589	581102	646637	75543	3680738	1836851	3.58135e+01	6.01427e+01	7.83510e+01	3.22342e+01	5045428	2.00383e+00	1.96807e+00	8.98653e-01
2405NIH	9.81412e-01	34325008	650118	29373513	3253975	1697520	5445626	571742	631646	2979	3632805	1812821	3.37472e+01	5.33850e+01	7.67403e+01	3.20886e+01	4951495	2.00395e+00	1.91690e+00	9.05162e-01
1758NIH	9.89999e-01	34625323	349803	29351574	3550388	1723361	5586632	708131	702346	7099	3703985	1882647	1.02333e+02	8.64277e+01	9.02664e+01	2.52810e+01	5273749	1.96743e+00	2.06015e+00	1.00824e+00
1757NIH	9.80169e-01	34281540	693586	29329564	3214781	1737195	5486232	568009	634929	14351	3662386	1823846	3.09373e+01	4.72033e+01	7.34013e+01	3.21302e+01	4951976	2.00806e+00	1.85056e+00	8.94602e-01
1652NIH	9.83320e-01	34391735	583391	29438442	3193092	1760201	5452213	607921	653358	11785	3621686	1830527	3.24894e+01	4.06050e+01	7.56048e+01	3.19487e+01	4953293	1.97849e+00	1.81405e+00	9.30456e-01
1484NIH	9.89847e-01	34620023	355103	29418128	3500322	1701573	5517825	690334	695307	5674	3666060	1851765	7.99834e+01	6.33127e+01	8.90518e+01	2.65421e+01	5201895	1.97977e+00	2.05711e+00	9.92848e-01
1419NIH	9.80980e-01	34309890	665236	29298942	3265383	1745565	5456566	607089	692855	15839	3637670	1818896	2.92734e+01	3.92859e+01	7.10067e+01	3.21803e+01	5010948	1.99993e+00	1.87067e+00	8.76214e-01
1894NIH	9.84220e-01	34423216	551910	29449006	3270748	1703462	5455336	579175	643161	36927	3632363	1822973	3.85894e+01	5.62999e+01	8.12349e+01	3.12887e+01	4974210	1.99255e+00	1.92006e+00	9.00513e-01
2605NIH	9.78728e-01	34231146	743980	29391382	3124026	1715738	5396884	553711	604907	35597	3602190	1794694	2.95112e+01	4.00680e+01	7.22380e+01	3.18496e+01	4839764	2.00713e+00	1.82081e+00	9.15366e-01
1791NIH	9.85192e-01	34457212	517914	29469892	3218718	1768602	5498777	597156	659988	56382	3662257	1836520	4.08656e+01	6.34488e+01	8.23638e+01	3.06400e+01	4987320	1.99413e+00	1.81992e+00	9.04798e-01
462NIH	9.82337e-01	34357368	617758	29423533	3187119	1746716	5427866	587347	665338	10910	3617872	1809994	3.04187e+01	5.02158e+01	7.25917e+01	3.23560e+01	4933835	1.99883e+00	1.82463e+00	8.82780e-01
1443NIH	9.88719e-01	34580572	394554	29402530	3437549	1740493	5540816	680426	697291	7810	3675186	1865630	6.09026e+01	5.59107e+01	8.77317e+01	2.74350e+01	5178042	1.96994e+00	1.97504e+00	9.75814e-01
1680NIH	9.80689e-01	34299707	675419	29374227	3216938	1708542	5423508	579462	631049	40630	3609700	1813808	2.81119e+01	3.79067e+01	6.88514e+01	3.20781e+01	4925480	1.99012e+00	1.88286e+00	9.18252e-01
1844NIH	9.89168e-01	34596263	378863	29273693	3660599	1661971	5572040	707734	704765	8106	3692813	1879227	9.46178e+01	6.69762e+01	9.00416e+01	2.55972e+01	5322570	1.96507e+00	2.20256e+00	1.00421e+00
393NIH	9.83228e-01	34388539	586587	29465142	3179437	1743960	5421777	595073	650506	36628	3612300	1809477	3.32940e+01	5.12905e+01	7.63968e+01	3.18725e+01	4923397	1.99632e+00	1.82311e+00	9.14785e-01
1525NIH	9.83786e-01	34408044	567082	29344462	3377608	1685974	5470581	608303	670670	39599	3638643	1831938	3.35212e+01	4.92298e+01	7.72512e+01	3.18638e+01	5063582	1.98623e+00	2.00336e+00	9.07008e-01
1249NIH	9.79041e-01	34242073	733053	29345941	3141799	1754333	5438612	571613	640240	1992	3632195	1806417	3.05622e+01	4.03806e+01	7.27804e+01	3.25073e+01	4896132	2.01072e+00	1.79088e+00	8.92811e-01
1054NIH	9.79984e-01	34275072	700054	29364602	3158414	1752056	5475395	568053	619078	7441	3650282	1825113	3.15954e+01	4.96113e+01	7.46164e+01	3.20510e+01	4910470	2.00003e+00	1.80269e+00	9.17579e-01
984NIH	9.89437e-01	34605675	369451	29433248	3467198	1705229	5499824	681684	696145	4717	3646760	1853064	6.48107e+01	7.13853e+01	8.83239e+01	2.69322e+01	5172427	1.96796e+00	2.03327e+00	9.79227e-01
2420NIH	9.82247e-01	34354225	620901	29357989	3283516	1712720	5436162	601814	670979	10646	3615487	1820675	2.95304e+01	3.86044e+01	7.22704e+01	3.13182e+01	4996236	1.98579e+00	1.91714e+00	8.96919e-01
2623NIH	9.84379e-01	34428787	546339	29475405	3237921	1715461	5411661	596627	660554	35998	3604762	1806899	3.80682e+01	4.55453e+01	8.10011e+01	3.18184e+01	4953382	1.99500e+00	1.88749e+00	9.03222e-01
1662NIH	9.82141e-01	34350490	624636	29465886	3190094	1694510	5374211	575957	628946	11483	3583215	1790996	3.18675e+01	4.50700e+01	7.44983e+01	3.21929e+01	4884604	2.00068e+00	1.88261e+00	9.15750e-01
1842NIH	9.80281e-01	34285444	689682	29428826	3119678	1736940	5378467	581985	633105	8885	3588793	1789674	3.16564e+01	4.15939e+01	7.39428e+01	3.24943e+01	4856618	2.00528e+00	1.79608e+00	9.19255e-01
2611NIH	9.81755e-01	34336997	638129	29325136	3311652	1700209	5487692	575846	648532	60202	3664587	1823105	3.14982e+01	5.13825e+01	7.46511e+01	3.19224e+01	5011861	2.01008e+00	1.94779e+00	8.87922e-01
1412NIH	9.79028e-01	34241641	733485	29329535	3156438	1755668	5472589	563918	631267	26413	3652118	1820471	3.02224e+01	4.99602e+01	7.24413e+01	3.23402e+01	4912106	2.00614e+00	1.79786e+00	8.93311e-01
1814NIH	9.80640e-01	34298008	677118	29424454	3157337	1716217	5445018	541948	602805	20289	3633402	1811616	3.08533e+01	5.27618e+01	7.22237e+01	3.30111e+01	4873554	2.00561e+00	1.83971e+00	8.99044e-01
592NIH	9.79302e-01	34251194	723932	29425388	3130781	1695025	5354647	561390	604794	11030	3574842	1779805	2.83384e+01	4.00593e+01	6.94037e+01	3.13551e+01	4825806	2.00856e+00	1.84704e+00	9.28233e-01
1650NIH	9.84905e-01	34447175	527951	29410301	3304275	1732599	5466350	624805	678317	5260	3634139	1832211	3.69327e+01	5.63803e+01	7.92063e+01	3.14238e+01	5036874	1.98347e+00	1.90712e+00	9.21111e-01
1485NIH	9.82344e-01	34357598	617528	29315648	3300675	1741275	5513430	604167	665627	16953	3662914	1850516	2.94540e+01	3.81190e+01	7.23361e+01	3.16140e+01	5041950	1.97940e+00	1.89555e+00	9.07666e-01
1825NIH	9.85704e-01	34475127	499999	29492142	3238272	1744713	5477027	594953	655718	55285	3655782	1821245	4.18881e+01	6.06166e+01	8.28594e+01	3.07546e+01	4982985	2.00730e+00	1.85605e+00	9.07331e-01
1850NIH	9.82513e-01	34363516	611610	28914759	3725321	1723436	5847452	630370	694371	77398	3904266	1943186	3.20936e+01	5.58298e+01	7.51258e+01	3.19965e+01	5448757	2.00921e+00	2.16157e+00	9.07829e-01
895NIH	9.82608e-01	34366847	608279	29428018	3175494	1763335	5434700	597229	670234	7167	3620515	1814185	3.21324e+01	5.40936e+01	7.46951e+01	3.21438e+01	4938829	1.99567e+00	1.80085e+00	8.91075e-01
1806NIH	9.83501e-01	34398078	577048	29374960	3328093	1695025	5488305	586165	643673	15474	3653660	1834645	3.31402e+01	5.13420e+01	7.69708e+01	3.18676e+01	5023118	1.99148e+00	1.96345e+00	9.10656e-01
1826NIH	9.80805e-01	34303761	671365	29317267	3274092	1712402	5476159	582446	640290	45365	3645478	1830681	3.13445e+01	5.14469e+01	7.37040e+01	3.20534e+01	4986494	1.99132e+00	1.91199e+00	9.09660e-01
1487NIH	9.82499e-01	34363014	612112	29389104	3213380	1760530	5504969	587566	641905	3172	3662746	1842223	3.10641e+01	4.96419e+01	7.35725e+01	3.20400e+01	4973910	1.98822e+00	1.82523e+00	9.15347e-01
663NIH	9.79796e-01	34268504	706622	29429172	3096719	1742613	5402101	555996	623847	13481	3605612	1796489	3.04814e+01	5.20124e+01	7.09150e+01	3.27880e+01	4839332	2.00703e+00	1.77705e+00	8.91238e-01
1851NIH	9.81971e-01	34344554	630572	28892079	3727537	1724938	5879017	616440	681956	4621	3921960	1957057	3.45561e+01	5.80975e+01	7.76257e+01	3.20843e+01	5452475	2.00401e+00	2.16097e+00	9.03929e-01
1486NIH	9.78941e-01	34238582	736544	29344901	3090133	1803548	5463513	598857	634859	12615	3642107	1821406	3.25524e+01	5.29091e+01	7.44992e+01	3.21943e+01	4893681	1.99961e+00	1.71336e+00	9.43291e-01
1862NIH	9.82859e-01	34375634	599492	29315676	3227494	1832464	5590964	617600	683858	4234	3717113	1873851	3.23219e+01	5.11457e+01	7.64165e+01	3.10231e+01	5059958	1.98368e+00	1.76129e+00	9.03111e-01
1047NIH	9.81336e-01	34322350	652776	29289683	3285299	1747368	5483489	608951	687595	14044	3653927	1829562	2.83209e+01	3.86360e+01	7.08333e+01	3.13839e+01	5032667	1.99716e+00	1.88014e+00	8.85625e-01
1515NIH	9.79911e-01	34272523	702603	29422119	3089675	1760729	5438753	555976	616403	36396	3623106	1815647	3.42825e+01	5.95109e+01	7.44348e+01	3.32501e+01	4850404	1.99549e+00	1.75477e+00	9.01968e-01
1838NIH2	9.82539e-01	34364442	610684	29427619	3217408	1719415	5412957	590259	653022	21421	3607957	1805000	2.97673e+01	4.24783e+01	7.24639e+01	3.15823e+01	4936823	1.99887e+00	1.87122e+00	9.03888e-01
1286NIH	9.75661e-01	34123849	851277	29368373	2908227	1847249	5480327	538932	583464	14452	3663625	1816702	2.87896e+01	3.91689e+01	7.00820e+01	3.27142e+01	4755476	2.01664e+00	1.57436e+00	9.23677e-01
1686NIH	9.83318e-01	34391655	583471	29515656	3113998	1762001	5410598	585987	641414	8611	3607912	1802686	3.54553e+01	5.64932e+01	7.72615e+01	3.20256e+01	4875999	2.00141e+00	1.76731e+00	9.13586e-01
896NIH	9.80186e-01	34282119	693007	29455063	3086434	1740622	5381679	560033	625966	5132	3594662	1787017	2.96651e+01	3.91513e+01	7.25229e+01	3.20944e+01	4827056	2.01154e+00	1.77318e+00	8.94670e-01
1658NIH	9.78233e-01	34213826	761300	29343267	3156021	1714538	5428500	557225	599371	11957	3621886	1806614	2.93432e+01	3.93557e+01	7.07945e+01	3.24895e+01	4870559	2.00479e+00	1.84074e+00	9.29683e-01
463NIH	9.88002e-01	34555501	419625	29405821	3458853	1690827	5457123	676326	707058	4690	3620044	1837079	5.16296e+01	5.14327e+01	8.73019e+01	2.77013e+01	5149680	1.97054e+00	2.04566e+00	9.56535e-01
1145NIH	9.79539e-01	34259504	715622	29404595	3118359	1736550	5426975	548436	616046	33999	3623021	1803954	3.14452e+01	5.44280e+01	7.34687e+01	3.26040e+01	4854909	2.00838e+00	1.79572e+00	8.90252e-01
1859NIH	9.87340e-01	34532328	442798	29419654	3231556	1881118	5608329	673788	711674	5037	3723862	1884467	4.91927e+01	5.00873e+01	8.56359e+01	2.89235e+01	5112674	1.97608e+00	1.71789e+00	9.46765e-01
1248NIH	9.81188e-01	34317187	657939	29389627	3074607	1852953	5498995	601789	679729	3062	3665196	1833799	2.89034e+01	4.88490e+01	7.05705e+01	3.18273e+01	4927560	1.99869e+00	1.65930e+00	8.85337e-01
1614NIH	9.88670e-01	34578863	396263	29396234	3472289	1710340	5523590	662704	706674	3886	3672016	1851574	5.30979e+01	6.66632e+01	8.71540e+01	2.77897e+01	5182629	1.98319e+00	2.03017e+00	9.37779e-01
1827NIH	9.82366e-01	34358369	616757	29304036	3360249	1694084	5469773	598997	679647	55666	3646030	1823743	3.02072e+01	4.44380e+01	7.28932e+01	3.19051e+01	5054333	1.99920e+00	1.98352e+00	8.81335e-01
1045NIH	9.79163e-01	34246359	728767	29344304	3141871	1760184	5447311	573366	641562	4441	3636729	1810582	2.92164e+01	3.91416e+01	7.14243e+01	3.18498e+01	4902055	2.00860e+00	1.78497e+00	8.93703e-01
915NIH	9.80273e-01	34285158	689968	29393158	3139678	1752322	5450331	563857	630132	22295	3625630	1824701	3.00086e+01	5.29721e+01	7.02540e+01	3.27464e+01	4892000	1.98697e+00	1.79172e+00	8.94824e-01
1502NIH	9.81596e-01	34331458	643668	29368859	3220156	1742443	5466822	591543	646676	13954	3636222	1830600	3.09686e+01	4.08807e+01	7.36920e+01	3.21287e+01	4962599	1.98636e+00	1.84807e+00	9.14744e-01
1501NIH	9.82191e-01	34352241	622885	29278332	3365340	1708569	5488036	614173	680269	16270	3662129	1825907	2.96574e+01	3.78802e+01	7.22465e+01	3.17416e+01	5073909	2.00565e+00	1.96968e+00	9.02838e-01
2409NIH	9.83667e-01	34403881	571245	29511497	3237164	1655220	5379288	560186	608128	2042	3595701	1783587	3.46629e+01	5.78076e+01	7.37559e+01	3.31432e+01	4892384	2.01599e+00	1.95573e+00	9.21165e-01
1634NIH	9.81066e-01	34312924	662202	29397897	3171252	1743775	5419232	591224	648346	19157	3604337	1814895	2.91178e+01	4.21858e+01	6.98383e+01	3.24994e+01	4915027	1.98598e+00	1.81861e+00	9.11896e-01
1284NIH	9.79085e-01	34243627	731499	29445517	2965757	1832353	5430391	564191	635878	2570	3628377	1802014	3.01325e+01	3.83936e+01	7.26945e+01	3.22230e+01	4798110	2.01351e+00	1.61855e+00	8.87263e-01
1713NIH	9.76754e-01	34162107	813019	29396252	3082834	1683021	5366875	513465	568536	11714	3587790	1779085	2.93475e+01	4.71909e+01	7.05187e+01	3.28686e+01	4765855	2.01665e+00	1.83173e+00	9.03135e-01
2619NIH	9.77269e-01	34180122	795004	29381363	3088731	1710028	5381468	536919	590399	10324	3595346	1786122	2.81748e+01	3.83654e+01	6.95004e+01	3.18983e+01	4798759	2.01293e+00	1.80625e+00	9.09417e-01
1027NIH	9.80517e-01	34293707	681419	29396477	3199309	1697921	5417799	554652	622699	22841	3614288	1803511	3.25571e+01	5.26122e+01	7.59118e+01	3.18322e+01	4897230	2.00403e+00	1.88425e+00	8.90722e-01
1762NIH	9.81729e-01	34336107	639019	29262544	3379889	1693674	5454984	611499	700754	3368	3634735	1820249	2.99853e+01	3.84767e+01	7.28570e+01	3.18431e+01	5073563	1.99683e+00	1.99560e+00	8.72630e-01
1754NIH	9.76384e-01	34149161	825965	29295953	3152334	1700874	5453499	522260	578323	13053	3644675	1808824	2.93905e+01	4.66632e+01	7.02073e+01	3.29149e+01	4853208	2.01494e+00	1.85336e+00	9.03059e-01
990NIH	9.83592e-01	34401260	573866	29456477	3198169	1746614	5421338	602351	667708	4834	3615979	1805359	3.27979e+01	5.36068e+01	7.60539e+01	3.17577e+01	4944783	2.00291e+00	1.83107e+00	9.02117e-01
1404NIH	9.87545e-01	34539495	435631	29404031	3365734	1769730	5534901	665263	705030	4903	3674074	1860827	4.96068e+01	4.87897e+01	8.59690e+01	2.87541e+01	5135464	1.97443e+00	1.90183e+00	9.43595e-01
1624NIH	9.81450e-01	34326329	648797	29332980	3298598	1694751	5430113	595210	662776	39629	3612229	1817884	2.97463e+01	3.81133e+01	7.19176e+01	3.19192e+01	4993349	1.98705e+00	1.94636e+00	8.98056e-01
1769NIH	9.79838e-01	34269960	705166	29431569	3083433	1754958	5443475	548195	601679	2450	3632177	1811298	3.12062e+01	5.06202e+01	7.40225e+01	3.23644e+01	4838391	2.00529e+00	1.75698e+00	9.11109e-01
1858NIH	9.80352e-01	34287940	687186	29343481	3200140	1744319	5454093	584798	649884	26760	3631902	1822191	2.88275e+01	3.77246e+01	7.07043e+01	3.21023e+01	4944459	1.99315e+00	1.83461e+00	8.99850e-01
1239NIH	9.82425e-01	34360440	614686	29323721	3291760	1744959	5526116	600619	654942	15767	3670450	1855666	2.96588e+01	4.60980e+01	7.18303e+01	3.14881e+01	5036719	1.97797e+00	1.88644e+00	9.17057e-01
1798NIH	9.81340e-01	34322477	652649	28905997	3819658	1596822	5757907	600786	654606	4308	3846267	1911640	2.96767e+01	4.36504e+01	7.13674e+01	3.28166e+01	5416480	2.01202e+00	2.39204e+00	9.17783e-01
1016NIH	9.78082e-01	34208545	766581	29354265	3092519	1761761	5417867	559689	638484	3219	3606884	1810983	2.87835e+01	5.00184e+01	6.92139e+01	3.24509e+01	4854280	1.99167e+00	1.75536e+00	8.76590e-01
2600NIH	9.84167e-01	34421356	553770	29459825	3213026	1748505	5468814	593544	647678	11204	3642997	1825817	3.95488e+01	6.04333e+01	8.17930e+01	3.09614e+01	4961531	1.99527e+00	1.83758e+00	9.16418e-01
1830NIH	9.81681e-01	34334405	640721	29261542	3352785	1720078	5559929	587118	645894	91585	3699242	1860687	3.10624e+01	4.97771e+01	7.36706e+01	3.21645e+01	5072863	1.98811e+00	1.94921e+00	9.09001e-01
1843NIH	9.80563e-01	34295305	679821	29416177	3150152	1728976	5413874	564634	629596	3200	3609908	1803966	3.02662e+01	5.57287e+01	7.18302e+01	3.20287e+01	4879128	2.00110e+00	1.82198e+00	8.96820e-01
1771NIH	9.80535e-01	34294332	680794	29452249	3012700	1829383	5480005	562245	629215	12535	3655582	1824423	3.37605e+01	5.89070e+01	7.63118e+01	3.22245e+01	4842083	2.00369e+00	1.64684e+00	8.93566e-01
176NIH	9.87491e-01	34537634	437492	29103361	3736603	1697670	5749123	671741	711079	5358	3822465	1926658	5.43413e+01	6.88327e+01	8.65509e+01	2.81123e+01	5434273	1.98399e+00	2.20102e+00	9.44678e-01
1314NIH	9.87596e-01	34541288	433838	29327953	3506125	1707210	5542967	670691	706885	5994	3676594	1866373	4.85928e+01	4.94476e+01	8.62149e+01	2.87113e+01	5213335	1.96991e+00	2.05372e+00	9.48798e-01
1770NIH	9.81161e-01	34316218	658908	29340671	3255523	1720024	5473027	576607	645937	15496	3652974	1820053	3.11276e+01	5.19884e+01	7.38030e+01	3.21052e+01	4975547	2.00707e+00	1.89272e+00	8.92668e-01
1448NIH	9.79669e-01	34264048	711078	29244481	3312596	1706971	5496480	579616	650441	24453	3664380	1832100	3.19774e+01	4.85970e+01	7.54663e+01	3.17177e+01	5019567	2.00010e+00	1.94063e+00	8.91112e-01
2596NIH	9.81129e-01	34315120	660006	29480174	3126972	1707974	5378362	549813	614745	5452	3592300	1786062	3.05531e+01	5.02897e+01	7.24885e+01	3.25509e+01	4834946	2.01130e+00	1.83081e+00	8.94376e-01
833NIH	9.81927e-01	34343020	632106	29438172	3198176	1706672	5386141	584979	640397	41649	3593725	1792416	3.07520e+01	3.49691e+01	7.37316e+01	3.17235e+01	4904848	2.00496e+00	1.87393e+00	9.13463e-01
1608NIH	9.82218e-01	34353207	621919	29435865	3198290	1719052	5417607	580007	638778	40834	3606136	1811471	3.03985e+01	5.11149e+01	7.21529e+01	3.23658e+01	4917342	1.99072e+00	1.86050e+00	9.07995e-01
2404NIH	9.68946e-01	33889021	1086105	29034888	3291077	1563056	5296071	549274	571844	158206	3547949	1748122	3.62158e+01	7.91220e+01	4.87591e+01	3.76202e+01	4854133	2.02958e+00	2.10554e+00	9.60531e-01
1839NIH	9.81837e-01	34339876	635250	29414653	3173295	1751928	5452321	579505	645324	19586	3633942	1818379	3.30499e+01	5.81036e+01	7.47175e+01	3.26029e+01	4925223	1.99845e+00	1.81132e+00	8.98006e-01
1413NIH	9.79850e-01	34270376	704750	29273384	3318805	1678187	5480780	563146	631252	29500	3660371	1820409	3.11292e+01	4.99183e+01	7.31076e+01	3.24107e+01	4996992	2.01074e+00	1.97761e+00	8.92110e-01
1328NIH	9.85110e-01	34454360	520766	29352216	3359272	1742872	5563171	610292	671553	3268	3703727	1859444	4.03693e+01	6.04120e+01	8.22930e+01	3.07484e+01	5102144	1.99185e+00	1.92743e+00	9.08777e-01
2399NIH	9.82373e-01	34358605	616521	29455195	3199572	1703838	5401281	569232	636735	2884	3600052	1801229	3.30763e+01	5.28963e+01	7.48312e+01	3.28060e+01	4903410	1.99866e+00	1.87786e+00	8.93986e-01
1493NIH	9.81238e-01	34318913	656213	29320303	3269339	1729271	5480806	595765	651309	13616	3641030	1839776	2.92041e+01	3.92237e+01	7.09662e+01	3.20639e+01	4998610	1.97906e+00	1.89059e+00	9.14719e-01
1457NIH	9.78812e-01	34234062	741064	29296788	3244146	1693128	5469432	558691	602279	5994	3644815	1824617	2.94232e+01	3.71226e+01	7.21233e+01	3.21938e+01	4937274	1.99758e+00	1.91607e+00	9.27628e-01
1712NIH	9.80452e-01	34291421	683705	29297382	3263803	1730236	5465310	590037	668928	4018	3645019	1820291	2.96208e+01	5.22960e+01	7.05489e+01	3.27068e+01	4994039	2.00244e+00	1.88633e+00	8.82064e-01
1017NIH	9.82052e-01	34347378	627748	29486671	3104587	1756120	5415206	572704	628916	8233	3610331	1804875	3.25196e+01	5.13473e+01	7.52154e+01	3.25671e+01	4860707	2.00032e+00	1.76787e+00	9.10621e-01
1619NIH	9.82286e-01	34355593	619533	29387065	3271557	1696971	5470127	567831	627541	4463	3641075	1829052	3.13538e+01	4.96021e+01	7.18642e+01	3.25730e+01	4968528	1.99069e+00	1.92788e+00	9.04851e-01
1252NIH	9.83984e-01	34414970	560156	29348492	3368082	1698396	5462617	623388	678868	2961	3633604	1829013	3.30693e+01	3.87910e+01	7.76901e+01	3.14305e+01	5066478	1.98665e+00	1.98310e+00	9.18276e-01
1782NIH	9.83362e-01	34393216	581910	29384808	3243357	1765051	5499487	601016	672956	14456	3659455	1840032	3.58826e+01	5.62022e+01	7.88442e+01	3.20755e+01	5008408	1.98880e+00	1.83754e+00	8.93099e-01
1593NIH	9.82630e-01	34367617	607509	29340465	3300335	1726817	5516968	587544	649457	8535	3668303	1848665	3.20255e+01	5.01163e+01	7.48829e+01	3.23863e+01	5027152	1.98430e+00	1.91122e+00	9.04670e-01
2597NIH	9.82606e-01	34366774	608352	29431658	3213258	1721858	5435238	580058	641678	7100	3616457	1818781	3.11814e+01	5.31056e+01	7.40995e+01	3.19489e+01	4935116	1.98840e+00	1.86616e+00	9.03971e-01
1258NIH	9.88027e-01	34556353	418773	29451959	3317343	1787051	5523452	669074	698917	53841	3666743	1856709	5.02874e+01	5.09348e+01	8.62588e+01	2.84362e+01	5104394	1.97486e+00	1.85632e+00	9.57301e-01
1011NIH	9.87793e-01	34548199	426927	29456159	3353299	1738741	5462586	664538	703654	4207	3628503	1834083	5.15406e+01	5.14075e+01	8.60331e+01	2.86328e+01	5092040	1.97837e+00	1.92858e+00	9.44410e-01
1801NIH	9.80307e-01	34286368	688758	28488251	3989227	1808890	6246195	651981	708830	63116	4162264	2083931	2.81693e+01	3.46228e+01	6.93350e+01	3.21308e+01	5798117	1.99731e+00	2.20535e+00	9.19799e-01
1630NIH	9.83540e-01	34399440	575686	29154509	3636035	1608896	5638827	581186	633812	89160	3768817	1870010	3.36072e+01	5.06874e+01	7.36517e+01	3.29712e+01	5244931	2.01540e+00	2.25996e+00	9.16969e-01
1534NIH	9.87267e-01	34529793	445333	29361065	3455049	1713679	5516681	670016	695709	61685	3663213	1853468	5.03965e+01	5.06986e+01	8.59898e+01	2.87962e+01	5168728	1.97641e+00	2.01616e+00	9.63069e-01
1499NIH	9.80813e-01	34304056	671070	29368214	3213618	1722224	5421344	590986	645736	2837	3613444	1807900	2.90647e+01	3.94526e+01	7.05265e+01	3.17403e+01	4935842	1.99870e+00	1.86597e+00	9.15213e-01
2519NIH	9.82412e-01	34359983	615143	29317290	3299161	1743532	5529909	600824	655490	69634	3689234	1840675	3.27599e+01	4.51875e+01	7.63741e+01	3.16499e+01	5042693	2.00428e+00	1.89223e+00	9.16603e-01
1482NIH	9.78110e-01	34209535	765591	29399178	3014241	1796116	5425327	574534	606612	2532	3625205	1800122	3.00767e+01	3.92380e+01	7.21616e+01	3.18177e+01	4810357	2.01387e+00	1.67820e+00	9.47119e-01
2612NIH	9.82492e-01	34362779	612347	29402302	3275417	1685060	5410735	582495	652307	41304	3609810	1800925	3.12135e+01	4.96879e+01	7.48840e+01	3.15297e+01	4960477	2.00442e+00	1.94380e+00	8.92977e-01
1250NIH	9.82753e-01	34371922	603204	29429981	3153723	1788218	5464890	603926	661343	14166	3639748	1825142	3.07408e+01	3.95395e+01	7.38401e+01	3.19630e+01	4941941	1.99423e+00	1.76361e+00	9.13181e-01
2603NIH	9.78530e-01	34224196	750930	29348168	3174961	1701067	5378487	566029	632578	35254	3593548	1784939	3.00182e+01	4.01054e+01	7.25242e+01	3.17800e+01	4876028	2.01326e+00	1.86645e+00	8.94797e-01
758NIH	9.79713e-01	34265579	709547	29365736	3173020	1726823	5428090	566630	631946	33339	3627600	1800490	2.86694e+01	3.86469e+01	7.12260e+01	3.17579e+01	4899843	2.01478e+00	1.83749e+00	8.96643e-01
1682NIH	9.88290e-01	34565566	409560	29437140	3407178	1721248	5485398	660467	703806	3772	3647418	1837980	5.03987e+01	6.12330e+01	8.59986e+01	2.85268e+01	5128426	1.98447e+00	1.97948e+00	9.38422e-01
1861NIH	9.79659e-01	34263692	711434	29414241	2961973	1887478	5550033	564180	622715	34324	3699563	1850470	3.17606e+01	5.81677e+01	7.38529e+01	3.24916e+01	4849451	1.99926e+00	1.56928e+00	9.06000e-01
1852NIH	9.88946e-01	34588522	386604	29396568	3491891	1700063	5507716	682073	702225	4765	3659677	1848039	6.43986e+01	5.74225e+01	8.83183e+01	2.71035e+01	5191954	1.98030e+00	2.05398e+00	9.71303e-01
1478NIH	9.77384e-01	34184129	790997	29350769	3093054	1740306	5454781	535537	583347	27953	3638452	1816329	2.98581e+01	5.04128e+01	7.14158e+01	3.25183e+01	4833360	2.00319e+00	1.77730e+00	9.18042e-01
1907NIH	9.87493e-01	34537693	437433	29454661	3362677	1720355	5500026	621902	681457	37300	3663186	1836840	5.15358e+01	6.83248e+01	8.60794e+01	2.89299e+01	5083032	1.99429e+00	1.95464e+00	9.12606e-01
1807NIH	9.83777e-01	34407741	567385	29362821	3295311	1749609	5520860	607593	666074	16030	3671126	1849734	3.74831e+01	5.88258e+01	7.98715e+01	3.14594e+01	5044920	1.98468e+00	1.88346e+00	9.12200e-01
1329NIH	9.81664e-01	34333838	641288	29352912	3286766	1694160	5465849	578342	630895	15735	3641728	1824121	3.09189e+01	3.97184e+01	7.45153e+01	3.20608e+01	4980926	1.99643e+00	1.94006e+00	9.16701e-01
1824NIH	9.84618e-01	34437128	537998	29431772	3254806	1750550	5456117	617348	682441	41531	3635108	1821009	3.62667e+01	5.52348e+01	8.01501e+01	3.11963e+01	5005356	1.99621e+00	1.85930e+00	9.04617e-01
1461NIH	9.82930e-01	34378089	597037	29347470	3303079	1727540	5508251	597892	652014	3176	3664643	1843608	3.15032e+01	4.88969e+01	7.46628e+01	3.17400e+01	5030619	1.98776e+00	1.91201e+00	9.16993e-01
2620NIH	9.81218e-01	34318240	656886	29262585	3361130	1694525	5451471	619526	679179	43264	3632965	1818506	3.21788e+01	4.17860e+01	7.50620e+01	3.19332e+01	5055655	1.99777e+00	1.98352e+00	9.12169e-01
1591NIH	9.79945e-01	34273700	701426	29310141	3258843	1704716	5455866	579029	633379	55668	3634830	1821036	2.88712e+01	3.94764e+01	7.08934e+01	3.15396e+01	4963559	1.99602e+00	1.91166e+00	9.14190e-01
1808NIH	9.84020e-01	34416215	558911	29321694	3399493	1695028	5521157	608467	659924	4184	3674331	1846826	3.81571e+01	5.48999e+01	8.07058e+01	3.12615e+01	5094521	1.98954e+00	2.00557e+00	9.22026e-01
1483NIH	9.80909e-01	34307404	667722	29477007	2989109	1841288	5436758	589747	645180	2768	3624838	1811920	2.88768e+01	4.00144e+01	7.05982e+01	3.17384e+01	4830397	2.00055e+00	1.62338e+00	9.14081e-01
1853NIH	9.83368e-01	34393411	581715	29408411	3287207	1697793	5447156	584476	651161	15396	3629611	1817545	3.21794e+01	5.51777e+01	7.50919e+01	3.18387e+01	4985000	1.99699e+00	1.93616e+00	8.97591e-01
2398NIH	9.81365e-01	34323360	651766	29419535	3153928	1749897	5414280	586369	653071	11188	3610318	1803962	3.00473e+01	3.73465e+01	7.31053e+01	3.16384e+01	4903825	2.00133e+00	1.80235e+00	8.97864e-01
2518NIH	9.83274e-01	34390115	585011	29380808	3171440	1837867	5531074	624885	691213	57132	3682437	1848637	3.27479e+01	3.99753e+01	7.67450e+01	3.16326e+01	5009307	1.99197e+00	1.72561e+00	9.04041e-01
1488NIH	9.89399e-01	34604348	370778	29401757	3476151	1726440	5551327	674102	703602	4721	3685903	1865424	6.67853e+01	7.84649e+01	8.83380e+01	2.68621e+01	5202591	1.97591e+00	2.01348e+00	9.58073e-01
1655NIH	9.89385e-01	34603868	371258	29357596	3549510	1696762	5554563	683480	704990	5754	3682503	1872060	6.55401e+01	7.16600e+01	8.83432e+01	2.69449e+01	5246272	1.96709e+00	2.09193e+00	9.69489e-01
1481NIH	9.82266e-01	34354874	620252	29406544	3202252	1746078	5439555	598611	656241	7324	3624467	1815088	3.05987e+01	3.88016e+01	7.39279e+01	3.17291e+01	4948330	1.99685e+00	1.83397e+00	9.12182e-01
1480NIH	9.81583e-01	34330976	644150	29333677	3283553	1713746	5474880	589790	646375	8432	3643869	1831011	3.00474e+01	4.05471e+01	7.23633e+01	3.19169e+01	4997299	1.99009e+00	1.91601e+00	9.12458e-01
1849NIH	9.82227e-01	34353502	621624	28801825	3881202	1670475	5911131	621446	689575	82039	3940043	1971088	3.25495e+01	5.54902e+01	7.53437e+01	3.19497e+01	5551677	1.99892e+00	2.32341e+00	9.01201e-01
1812NIH	9.89385e-01	34603864	371262	29447899	3441881	1714084	5517898	668411	683740	4827	3661112	1856786	6.83844e+01	7.74147e+01	8.84280e+01	2.68622e+01	5155965	1.97175e+00	2.00800e+00	9.77581e-01
219NIH	9.81883e-01	34341499	633627	29407167	3195728	1738604	5436254	590177	646505	2543	3626136	1810118	3.41984e+01	5.62154e+01	7.75979e+01	3.16015e+01	4934332	2.00326e+00	1.83810e+00	9.12873e-01
1477NIH	9.81817e-01	34339179	635947	29417057	3125256	1796866	5458232	597615	663141	29437	3638603	1819629	2.88378e+01	3.80912e+01	7.10928e+01	3.11772e+01	4922122	1.99964e+00	1.73928e+00	9.01188e-01
1012NIH	9.79897e-01	34272026	703100	29351009	3226964	1694053	5410725	570153	634190	8549	3597535	1813190	2.91175e+01	3.96511e+01	7.03366e+01	3.24377e+01	4921017	1.98409e+00	1.90488e+00	8.99026e-01
894NIH	9.82740e-01	34371441	603685	29383026	3235740	1752675	5460431	601817	678841	8519	3639350	1821081	3.08314e+01	4.97838e+01	7.25704e+01	3.22447e+01	4988415	1.99846e+00	1.84617e+00	8.86536e-01
2393NIH	9.82701e-01	34370089	605037	29395959	3281870	1692260	5440056	581499	644835	3538	3618839	1821217	3.28906e+01	5.41817e+01	7.57124e+01	3.21985e+01	4974130	1.98704e+00	1.93934e+00	9.01780e-01
1714NIH	9.81505e-01	34328270	646856	29269082	3352966	1706222	5542392	581146	641871	22189	3686622	1855770	3.12020e+01	5.01471e+01	7.32813e+01	3.26971e+01	5059188	1.98657e+00	1.96514e+00	9.05394e-01
1822NIH	9.82730e-01	34371094	604032	29374125	3283929	1713040	5477092	589596	643319	26055	3649729	1827363	3.57480e+01	5.08559e+01	7.95463e+01	3.15649e+01	4996969	1.99727e+00	1.91702e+00	9.16491e-01
1446NIH	9.81168e-01	34316484	658642	29324317	3243523	1748644	5488534	598593	653684	7774	3650329	1838205	3.04127e+01	3.99995e+01	7.28020e+01	3.24172e+01	4992167	1.98581e+00	1.85488e+00	9.15722e-01
2397NIH	9.84730e-01	34441040	534086	29408863	3321973	1710204	5456151	617235	668993	12204	3626114	1830037	4.18610e+01	5.38131e+01	8.38022e+01	3.01254e+01	5032177	1.98144e+00	1.94244e+00	9.22633e-01
1832NIH	9.83982e-01	34414895	560231	29454957	3231620	1728318	5402632	606848	678775	35366	3598120	1804512	3.53050e+01	5.49895e+01	7.86934e+01	3.17312e+01	4959938	1.99396e+00	1.86981e+00	8.94034e-01
1458NIH	9.88893e-01	34586663	388463	29346118	3495910	1744635	5596800	685452	702928	6327	3709370	1887430	6.47277e+01	6.63289e+01	8.78246e+01	2.74388e+01	5240545	1.96530e+00	2.00381e+00	9.75138e-01
1623NIH	9.82416e-01	34360139	614987	29387886	3262265	1709988	5473456	575517	633267	12587	3645460	1827996	2.92384e+01	5.01862e+01	7.03201e+01	3.19721e+01	4972253	1.99424e+00	1.90777e+00	9.08806e-01
1693NIH	9.80990e-01	34310232	664894	29353916	3215916	1740400	5475601	578328	642787	15526	3641155	1834446	2.96960e+01	4.88785e+01	7.08285e+01	3.24596e+01	4956316	1.98488e+00	1.84780e+00	8.99720e-01
1636NIH	9.82734e-01	34371258	603868	29367895	3277863	1725500	5476987	596139	655735	44072	3648881	1828106	3.16149e+01	4.11781e+01	7.56326e+01	3.18934e+01	5003363	1.99599e+00	1.89966e+00	9.09116e-01
989NIH	9.83343e-01	34392533	582593	29400840	3288125	1703568	5437560	588569	669130	3884	3622554	1815006	3.25275e+01	5.46289e+01	7.48840e+01	3.20347e+01	4991693	1.99589e+00	1.93014e+00	8.79603e-01
988NIH	9.84410e-01	34429855	545271	29445815	3276715	1707325	5420387	602377	668600	1980	3614441	1805946	3.42981e+01	5.24894e+01	7.83489e+01	3.14237e+01	4984040	2.00141e+00	1.91921e+00	9.00953e-01
1490NIH	9.81796e-01	34338440	636686	29335821	3257758	1744861	5499755	595535	652188	26153	3657658	1842097	2.96455e+01	5.00323e+01	7.13808e+01	3.19630e+01	5002619	1.98559e+00	1.86706e+00	9.13134e-01
1620NIH	9.88106e-01	34559148	415978	29389288	3465827	1704033	5514694	658897	700302	3560	3662800	1851894	4.56385e+01	4.52119e+01	8.55871e+01	2.90972e+01	5169860	1.97787e+00	2.03390e+00	9.40876e-01
1845NIH	9.80449e-01	34291317	683809	29382332	3203711	1705274	5395694	571664	646900	20413	3598766	1796928	2.83447e+01	4.77905e+01	6.90231e+01	3.19495e+01	4908985	2.00273e+00	1.87871e+00	8.83698e-01
1777NIH	9.81600e-01	34331583	643543	29267362	3337574	1726647	5487760	616983	686123	15718	3662738	1825022	2.93223e+01	3.80822e+01	7.17605e+01	3.17760e+01	5064221	2.00696e+00	1.93298e+00	8.99231e-01
1629NIH	9.81209e-01	34317906	657220	29306829	3309489	1701588	5445631	598569	668463	54857	3635796	1809835	3.11304e+01	5.43695e+01	7.08146e+01	3.28619e+01	5011077	2.00891e+00	1.94494e+00	8.95441e-01
1508NIH	9.82987e-01	34380089	595037	29378117	3306849	1695123	5427061	606332	663702	40301	3610316	1816745	3.11429e+01	3.87585e+01	7.43229e+01	3.21480e+01	5001972	1.98724e+00	1.95080e+00	9.13561e-01
1831NIH	9.82668e-01	34368948	606178	29396031	3277259	1695658	5440620	579272	648683	47334	3623155	1817465	3.21480e+01	5.15727e+01	7.51838e+01	3.22609e+01	4972917	1.99352e+00	1.93274e+00	8.92997e-01
2599NIH	9.85963e-01	34484197	490929	29459636	3274001	1750560	5468049	621053	686019	3770	3636742	1831307	4.10760e+01	5.99675e+01	8.27794e+01	3.04841e+01	5024561	1.98587e+00	1.87026e+00	9.05300e-01
342NIH	9.82985e-01	34380030	595096	29397815	3232633	1749582	5428224	616018	687554	3771	3618212	1810012	3.22031e+01	4.46963e+01	7.49314e+01	3.17064e+01	4982215	1.99900e+00	1.84766e+00	8.95956e-01
1586NIH	9.89356e-01	34602865	372261	29438997	3368091	1795777	5561987	687876	709782	5780	3689177	1872810	6.61286e+01	6.97406e+01	8.84546e+01	2.67215e+01	5163868	1.96986e+00	1.87556e+00	9.69137e-01
1840NIH	9.87750e-01	34546678	428448	29410319	3406040	1730319	5489078	669159	708439	4339	3646160	1842918	4.81870e+01	4.84157e+01	8.57444e+01	2.88054e+01	5136359	1.97847e+00	1.96845e+00	9.44554e-01
1240NIH	9.81800e-01	34338587	636539	29407187	3110562	1820838	5487459	598994	665785	13322	3658583	1828876	3.13561e+01	5.07559e+01	7.41858e+01	3.19215e+01	4931400	2.00045e+00	1.70831e+00	8.99681e-01
1856_451NIH	9.80564e-01	34295353	679773	29366177	3164629	1764547	5456767	589631	647324	4134	3632611	1824156	3.13386e+01	4.47937e+01	7.29577e+01	3.23517e+01	4929176	1.99139e+00	1.79345e+00	9.10875e-01
1587NIH	9.80143e-01	34280622	694504	29412937	3095881	1771804	5445807	566418	627263	2181	3636788	1809019	3.11430e+01	5.17005e+01	7.35094e+01	3.21679e+01	4867685	2.01036e+00	1.74730e+00	9.02999e-01
1805NIH	9.88432e-01	34570551	404575	29372250	3464949	1733352	5539259	684251	708142	5083	3675758	1863501	6.59771e+01	5.66703e+01	8.82678e+01	2.70455e+01	5198301	1.97250e+00	1.99899e+00	9.66262e-01
1621NIH	9.79847e-01	34270264	704862	29247609	3253696	1768959	5508813	609987	672813	15627	3661244	1847569	2.73663e+01	3.62912e+01	6.74317e+01	3.20220e+01	5022655	1.98165e+00	1.83933e+00	9.06622e-01
1672NIH	9.86943e-01	34518441	456685	29417892	3407035	1693514	5442501	649626	701935	3830	3615435	1827066	4.32587e+01	5.89755e+01	8.48321e+01	2.94410e+01	5100549	1.97882e+00	2.01181e+00	9.25479e-01
1491NIH	9.87767e-01	34547270	427856	29473529	3184988	1888753	5566963	684388	711142	5094	3694626	1872337	6.21761e+01	5.56736e+01	8.77110e+01	2.75955e+01	5073741	1.97327e+00	1.68629e+00	9.62379e-01
571NIH	9.81475e-01	34327208	647918	29422114	3170690	1734404	5423540	584279	631677	22833	3620105	1803435	3.23761e+01	4.86469e+01	7.47703e+01	3.21815e+01	4905094	2.00734e+00	1.82812e+00	9.24965e-01
1147NIH	9.82779e-01	34372829	602297	29395854	3244202	1732773	5461541	585441	662765	52078	3644806	1816735	3.23156e+01	5.66364e+01	7.44297e+01	3.23271e+01	4976975	2.00624e+00	1.87226e+00	8.83331e-01
1455NIH	9.81693e-01	34334828	640298	29284170	3322043	1728615	5489505	616785	672979	6355	3649978	1839527	3.17563e+01	4.11737e+01	7.52634e+01	3.21752e+01	5050658	1.98419e+00	1.92179e+00	9.16500e-01
2618NIH	9.82183e-01	34351964	623162	29366583	3278689	1706692	5389547	610469	692055	36848	3595608	1793939	2.88805e+01	3.72984e+01	7.11345e+01	3.12234e+01	4985381	2.00431e+00	1.92108e+00	8.82111e-01
1802NIH	9.88162e-01	34561074	414052	28860692	4130774	1569608	5857584	684033	728372	7433	3894244	1963340	4.56492e+01	5.46428e+01	8.48581e+01	2.92683e+01	5700382	1.98348e+00	2.63172e+00	9.39126e-01
1316NIH	9.79956e-01	34274079	701047	29344259	3177785	1752035	5482499	565496	633860	26169	3658406	1824093	3.10589e+01	5.30553e+01	7.26131e+01	3.25681e+01	4929820	2.00560e+00	1.81377e+00	8.92147e-01
1492NIH	9.81840e-01	34339986	635140	29333990	3293729	1712267	5475746	594684	647830	14986	3644694	1831052	3.03024e+01	3.97917e+01	7.26228e+01	3.17739e+01	5005996	1.99049e+00	1.92361e+00	9.17963e-01
2075NIH	9.84571e-01	34435489	539637	28929941	3843996	1661552	5845609	629149	692342	67118	3896136	1949473	3.83938e+01	5.26717e+01	8.11328e+01	3.17284e+01	5505548	1.99856e+00	2.31350e+00	9.08726e-01
1751NIH	9.86059e-01	34487543	487583	29422122	3355761	1709660	5463550	625899	685629	37403	3633667	1829883	4.34961e+01	6.10076e+01	8.34163e+01	3.04115e+01	5065421	1.98574e+00	1.96282e+00	9.12883e-01
2528NIH	9.79680e-01	34264443	710683	29104485	3462722	1697236	5596194	591113	669885	56905	3730039	1866155	2.99983e+01	5.11458e+01	7.18313e+01	3.27015e+01	5159958	1.99878e+00	2.04021e+00	8.82410e-01
1857NIH	9.81192e-01	34317328	657798	29429100	3118858	1769370	5448515	576368	632712	27218	3631392	1817123	2.97888e+01	4.35268e+01	7.13224e+01	3.20510e+01	4888228	1.99843e+00	1.76269e+00	9.10948e-01
1331NIH	9.83974e-01	34414599	560527	29286744	3432072	1695783	5534744	618860	670032	3986	3677930	1856814	3.35030e+01	4.22247e+01	7.76616e+01	3.18970e+01	5127855	1.98077e+00	2.02389e+00	9.23628e-01
1823NIH	9.82940e-01	34378462	596664	29363383	3300872	1714207	5495146	586643	647497	28937	3657302	1837844	3.47849e+01	5.60103e+01	7.70309e+01	3.22600e+01	5015079	1.99000e+00	1.92560e+00	9.06017e-01
2074NIH	9.87310e-01	34531290	443836	28794312	4062403	1674575	5972416	703271	735864	87601	3971175	2001241	5.07780e+01	5.16983e+01	8.59542e+01	2.87873e+01	5736978	1.98436e+00	2.42593e+00	9.55708e-01
1476NIH	9.90725e-01	34650723	324403	29455395	3451076	1744252	5538282	702794	698502	10080	3679253	1859029	6.52594e+01	6.24074e+01	8.81330e+01	2.72578e+01	5195328	1.97913e+00	1.97854e+00	1.00614e+00
1496NIH	9.87356e-01	34532896	442230	29354993	3447045	1730858	5530711	670988	707061	5832	3670723	1859988	5.11094e+01	4.87591e+01	8.58968e+01	2.89436e+01	5177903	1.97352e+00	1.99152e+00	9.48982e-01
766NIH	9.82569e-01	34365488	609638	29483973	3178727	1702788	5371234	577480	635588	18375	3587594	1783640	3.17215e+01	3.80355e+01	7.59028e+01	3.14231e+01	4881515	2.01139e+00	1.86678e+00	9.08576e-01
1401NIH	9.84574e-01	34435615	539511	29445030	3290847	1699738	5421077	608822	660424	37198	3609431	1811646	3.82406e+01	5.36614e+01	8.15001e+01	3.07341e+01	4990585	1.99235e+00	1.93609e+00	9.21865e-01
1783NIH	9.83151e-01	34385846	589280	29379680	3268156	1738010	5471274	601567	671333	13423	3643706	1827568	3.29193e+01	4.41296e+01	7.67929e+01	3.21404e+01	5006166	1.99375e+00	1.88040e+00	8.96078e-01
1656NIH	9.84303e-01	34426134	548992	29480534	3206202	1739398	5449468	588097	647432	20332	3631517	1817951	3.72346e+01	5.60017e+01	7.99498e+01	3.14184e+01	4945600	1.99759e+00	1.84328e+00	9.08353e-01
1753NIH	9.90917e-01	34657463	317663	29590868	3231394	1835201	5536336	680919	684539	5055	3675881	1860455	7.92349e+01	8.01752e+01	8.92374e+01	2.60564e+01	5066595	1.97580e+00	1.76078e+00	9.94712e-01
1841NIH	9.79211e-01	34248034	727092	29340434	3220482	1687118	5419365	557800	617553	12282	3612795	1806570	2.85674e+01	4.92729e+01	6.92579e+01	3.17523e+01	4907600	1.99981e+00	1.90887e+00	9.03242e-01
1677NIH	9.83860e-01	34410634	564492	29445635	3213928	1751071	5419016	615425	681629	34447	3611380	1807636	3.33549e+01	4.36175e+01	7.68014e+01	3.20724e+01	4964999	1.99785e+00	1.83541e+00	9.02874e-01
1498NIH	9.82611e-01	34366957	608169	29325098	3306577	1735282	5479996	618065	679078	15431	3653704	1826292	3.12117e+01	4.01138e+01	7.50487e+01	3.12839e+01	5041859	2.00061e+00	1.90550e+00	9.10153e-01
1684NIH	9.81805e-01	34338762	636364	29338723	3248029	1752010	5477391	607710	666948	42204	3643086	1834305	2.89146e+01	4.02251e+01	7.12534e+01	3.15632e+01	5000039	1.98609e+00	1.85389e+00	9.11180e-01
1855NIH	9.82809e-01	34373879	601247	29388912	3291890	1693077	5457392	577694	642958	3266	3638919	1818473	3.26779e+01	5.33378e+01	7.57458e+01	3.22003e+01	4984967	2.00108e+00	1.94432e+00	8.98494e-01
1607NIH	9.81186e-01	34317117	658009	29434684	3168349	1714084	5436241	550151	610125	3522	3625135	1811106	3.08058e+01	5.02891e+01	7.18885e+01	3.30851e+01	4882433	2.00161e+00	1.84842e+00	9.01702e-01
1602NIH	9.80846e-01	34305218	669908	29341754	3248913	1714551	5452675	582743	642595	4870	3636657	1816018	2.99797e+01	4.06176e+01	7.23668e+01	3.21718e+01	4963464	2.00254e+00	1.89491e+00	9.06859e-01
1517NIH	9.81202e-01	34317677	657449	29472619	3130588	1714470	5415079	550154	594294	38222	3612507	1802572	2.94590e+01	5.02336e+01	6.90937e+01	3.26545e+01	4845058	2.00408e+00	1.82598e+00	9.25727e-01
1632NIH	9.79492e-01	34257844	717282	29343024	3223764	1691056	5441547	561697	602631	2986	3632958	1808589	3.27877e+01	4.02429e+01	7.56803e+01	3.24951e+01	4914820	2.00873e+00	1.90636e+00	9.32075e-01
1612NIH	9.81027e-01	34311558	663568	29413471	3192289	1705798	5443010	550390	610485	46552	3631257	1811753	2.98886e+01	4.97965e+01	7.14083e+01	3.24671e+01	4898087	2.00428e+00	1.87143e+00	9.01562e-01
1799NIH	9.79345e-01	34252711	722415	29309212	3258104	1685395	5389820	599702	639372	8825	3592367	1797453	3.38990e+01	5.79229e+01	7.27475e+01	3.35754e+01	4943499	1.99859e+00	1.93314e+00	9.37955e-01
1358NIH	9.83168e-01	34386414	588712	29434762	3241145	1710507	5441511	578239	642409	38753	3625616	1815895	3.37267e+01	5.55766e+01	7.63589e+01	3.20655e+01	4951652	1.99660e+00	1.89484e+00	9.00110e-01
1494NIH	9.81907e-01	34342324	632802	29480853	3015380	1846091	5469434	597675	640450	2306	3645786	1823648	3.10827e+01	3.82825e+01	7.43029e+01	3.17940e+01	4861471	1.99917e+00	1.63339e+00	9.33211e-01
1618NIH	9.88486e-01	34572415	402711	29479050	3362629	1730736	5471975	660098	692027	9716	3635729	1836246	5.13711e+01	6.25437e+01	8.68074e+01	2.81337e+01	5093365	1.97998e+00	1.94289e+00	9.53862e-01
1285NIH2	9.77871e-01	34201169	773957	29294450	3204509	1702210	5443515	535639	629775	17162	3630774	1812741	3.28740e+01	5.53855e+01	7.40210e+01	3.31890e+01	4906719	2.00292e+00	1.88256e+00	8.50524e-01
1244NIH	9.89234e-01	34598578	376548	29527950	3201590	1869038	5571822	673984	693859	4798	3698378	1873444	6.88799e+01	7.91981e+01	8.82257e+01	2.69928e+01	5070628	1.97411e+00	1.71296e+00	9.71356e-01
1349NIH	9.85952e-01	34483778	491348	29469760	3257105	1756913	5492678	609843	668410	22473	3657104	1835574	4.27122e+01	6.31453e+01	8.30364e+01	3.06896e+01	5014018	1.99235e+00	1.85388e+00	9.12379e-01
1837NIH	9.89628e-01	34612361	362765	29458256	3453752	1700353	5472939	693994	687525	6274	3633870	1839069	8.60920e+01	6.61652e+01	8.93789e+01	2.63196e+01	5154105	1.97593e+00	2.03120e+00	1.00941e+00
1616NIH	9.84957e-01	34448984	526142	29373106	3374485	1701393	5487689	616423	673158	23934	3648850	1838839	3.54823e+01	5.20298e+01	7.95327e+01	3.13718e+01	5075878	1.98432e+00	1.98337e+00	9.15718e-01
1520NIH	9.84736e-01	34441279	533847	29442836	3252405	1746038	5454341	607844	682296	37164	3631099	1823242	3.51983e+01	5.44939e+01	7.84931e+01	3.16642e+01	4998443	1.99156e+00	1.86273e+00	8.90880e-01
1848NIH	9.88220e-01	34563103	412023	28874834	3953218	1735051	5962773	717835	742711	10136	3959831	2002942	6.38241e+01	5.78481e+01	8.80038e+01	2.73212e+01	5688269	1.97701e+00	2.27844e+00	9.66506e-01
1759NIH	9.78561e-01	34225290	749836	29321236	3165388	1738666	5447545	566207	628968	16379	3637126	1810419	3.01087e+01	4.60889e+01	7.22120e+01	3.20295e+01	4904054	2.00900e+00	1.82058e+00	9.00216e-01
1784NIH	9.83404e-01	34394685	580441	29437620	3184973	1772092	5486731	592325	650101	3129	3646560	1840171	3.46355e+01	5.49918e+01	7.87667e+01	3.17353e+01	4957065	1.98164e+00	1.79730e+00	9.11128e-01
991NIH	9.82892e-01	34376785	598341	29451534	3241128	1684123	5400135	573322	635914	3808	3599539	1800596	3.92933e+01	6.14517e+01	8.06521e+01	3.12811e+01	4925251	1.99908e+00	1.92452e+00	9.01572e-01
361NIH	9.86552e-01	34504791	470335	29392885	3416618	1695288	5474147	650556	682490	14800	3634906	1839241	5.01260e+01	5.27544e+01	8.69069e+01	2.80375e+01	5111906	1.97631e+00	2.01536e+00	9.53210e-01
1589NIH	9.82075e-01	34348183	626943	29468089	2994320	1885774	5483570	597555	684743	14963	3651993	1831577	3.07199e+01	5.31395e+01	7.20060e+01	3.22048e+01	4880094	1.99391e+00	1.58785e+00	8.72670e-01
1459NIH	9.82499e-01	34363015	612111	29378019	3186167	1798829	5489587	611323	682914	13816	3652428	1837159	2.95295e+01	4.24228e+01	7.22715e+01	3.12433e+01	4984996	1.98808e+00	1.77125e+00	8.95168e-01
1288NIH	9.88146e-01	34560545	414581	29396701	3428210	1735634	5517945	671511	710021	3970	3666456	1851489	6.18453e+01	5.75209e+01	8.73995e+01	2.77891e+01	5163844	1.98027e+00	1.97519e+00	9.45762e-01
1780NIH	9.82579e-01	34365828	609298	28582684	4120264	1662880	6110588	638155	697280	416076	4080204	2030384	3.35911e+01	5.39404e+01	7.76302e+01	3.16142e+01	5783144	2.00957e+00	2.47779e+00	9.15206e-01
1661NIH	9.88807e-01	34583641	391485	29441589	3416687	1725365	5483844	681313	702258	14832	3636629	1847215	6.84648e+01	7.00410e+01	8.86274e+01	2.66472e+01	5142052	1.96871e+00	1.98027e+00	9.70175e-01
572NIH	9.88633e-01	34577563	397563	29465867	3361252	1750444	5494306	677023	690810	5571	3645621	1848685	6.10506e+01	5.68030e+01	8.76939e+01	2.75023e+01	5111696	1.97201e+00	1.92023e+00	9.80042e-01
1251NIH	9.81340e-01	34322480	652646	29327872	3270031	1724577	5489609	586871	642705	15021	3657156	1832453	3.09557e+01	4.89166e+01	7.31528e+01	3.22247e+01	4994608	1.99577e+00	1.89614e+00	9.13127e-01
1421NIH	9.80773e-01	34302674	672452	29424686	3058463	1819525	5500510	570685	626317	3091	3670883	1829627	3.34899e+01	5.72956e+01	7.53051e+01	3.25976e+01	4877988	2.00636e+00	1.68091e+00	9.11176e-01
1497NIH	9.82583e-01	34365955	609171	29345987	3328047	1691921	5465093	595534	651261	14146	3632115	1832978	3.01277e+01	4.62514e+01	7.27535e+01	3.16603e+01	5019968	1.98154e+00	1.96702e+00	9.14432e-01
1651NIH	9.83169e-01	34386477	588649	29429941	3259101	1697435	5418474	591878	643616	11455	3606272	1812202	3.10919e+01	3.97740e+01	7.41729e+01	3.19436e+01	4956536	1.98999e+00	1.92002e+00	9.19614e-01
1631NIH	9.80008e-01	34275915	699211	29297393	3210453	1768069	5564218	564728	617644	38601	3716150	1848068	2.97999e+01	5.05940e+01	7.08016e+01	3.23177e+01	4978522	2.01083e+00	1.81580e+00	9.14326e-01
2609NIH	9.84543e-01	34434515	540611	29399605	3303138	1731772	5445944	620418	700319	36890	3624257	1821687	3.07783e+01	4.80662e+01	7.32467e+01	3.15803e+01	5034910	1.98951e+00	1.90737e+00	8.85908e-01
1052NIH	9.82168e-01	34351455	623671	29425419	3079022	1847014	5476419	607871	688757	3048	3651388	1825031	3.02873e+01	4.92307e+01	7.22987e+01	3.14809e+01	4926036	2.00073e+00	1.66703e+00	8.82562e-01
1245NIH	9.78182e-01	34212029	763097	29409298	3032684	1770047	5433337	543593	595845	9977	3633051	1800286	2.82925e+01	3.73046e+01	7.00286e+01	3.18564e+01	4802731	2.01804e+00	1.71334e+00	9.12306e-01
1418NIH	9.87491e-01	34537638	437488	29432296	3291773	1813569	5544307	669094	705510	4235	3684494	1859813	5.00735e+01	5.30529e+01	8.59803e+01	2.86616e+01	5105342	1.98111e+00	1.81508e+00	9.48383e-01
1835NIH	9.85718e-01	34475609	499517	29479253	3296966	1699390	5448347	598786	648613	13721	3629134	1819213	3.67651e+01	5.16521e+01	7.77002e+01	3.20394e+01	4996356	1.99489e+00	1.94009e+00	9.23179e-01
1673NIH	9.82574e-01	34365658	609468	29408407	3262415	1694836	5433338	577028	641721	20671	3618041	1815297	3.44955e+01	5.61373e+01	7.78198e+01	3.20780e+01	4957251	1.99308e+00	1.92491e+00	8.99188e-01
1613NIH	9.85925e-01	34482839	492287	29582437	3143080	1757322	5406904	593926	656894	10404	3608358	1798546	4.21933e+01	5.91604e+01	8.31716e+01	3.04356e+01	4900402	2.00626e+00	1.78856e+00	9.04143e-01
1044NIH	9.87462e-01	34536623	438503	29491692	3196068	1848863	5527681	664021	702092	3660	3670648	1857033	4.97280e+01	5.04802e+01	8.61041e+01	2.87222e+01	5044931	1.97662e+00	1.72867e+00	9.45775e-01
1588NIH	9.80335e-01	34287346	687780	29343336	3253425	1690585	5450869	558925	624801	13937	3636320	1814549	3.03415e+01	5.06336e+01	7.24497e+01	3.19628e+01	4944010	2.00398e+00	1.92444e+00	8.94565e-01
1523NIH	9.83012e-01	34380967	594159	29365283	3314592	1701092	5488922	583016	644838	46945	3657769	1831153	3.21548e+01	5.35472e+01	7.48749e+01	3.21013e+01	5015684	1.99752e+00	1.94851e+00	9.04128e-01
190NIH	9.82731e-01	34371144	603982	29032750	3680479	1657915	5715119	607046	674143	4575	3806962	1908157	3.18327e+01	4.93531e+01	7.50710e+01	3.20609e+01	5338394	1.99510e+00	2.21994e+00	9.00471e-01
1772NIH	9.80076e-01	34278276	696850	29420170	3083486	1774620	5445326	560073	627327	2214	3635712	1809614	3.08357e+01	4.92339e+01	7.32954e+01	3.20280e+01	4858106	2.00911e+00	1.73755e+00	8.92793e-01
611NIH	9.81424e-01	34325421	649705	29340386	3296608	1688427	5417070	596116	660275	40203	3608391	1808679	2.94560e+01	3.84000e+01	7.20589e+01	3.18030e+01	4985035	1.99504e+00	1.95247e+00	9.02830e-01
1860NIH	9.81362e-01	34323268	651858	29336600	3153938	1832730	5542921	607419	669058	22821	3687481	1855440	2.92865e+01	3.72503e+01	7.21027e+01	3.13035e+01	4986668	1.98739e+00	1.72090e+00	9.07872e-01
2406NIH	9.83919e-01	34412694	562432	29461112	3257351	1694231	5419273	580615	645925	19730	3611877	1807396	3.57987e+01	5.87671e+01	7.95434e+01	3.16010e+01	4951582	1.99839e+00	1.92261e+00	8.98889e-01
1659NIH	9.74870e-01	34096205	878921	29250227	3121256	1724722	5388627	558468	623603	11221	3594340	1794287	3.24850e+01	6.30508e+01	7.13382e+01	3.42564e+01	4845978	2.00321e+00	1.80972e+00	8.95551e-01
1660NIH	9.81145e-01	34315674	659452	29431392	3180987	1703295	5407424	564846	615307	2724	3606627	1800797	2.94724e+01	4.76065e+01	7.05426e+01	3.15658e+01	4884282	2.00279e+00	1.86755e+00	9.17991e-01
1449NIH	9.81919e-01	34342738	632388	29400102	3170370	1772266	5470800	590002	654100	22908	3647278	1823522	3.41444e+01	5.29031e+01	7.71281e+01	3.18960e+01	4942636	2.00013e+00	1.78888e+00	9.02006e-01
1755NIH	9.80898e-01	34307041	668085	29334243	3219781	1753017	5439318	604058	682436	11865	3633482	1805836	3.10901e+01	3.93534e+01	7.40645e+01	3.20944e+01	4972798	2.01208e+00	1.83671e+00	8.85150e-01
1511NIH	9.82156e-01	34351024	624102	29408078	3228285	1714661	5436625	575721	645261	38173	3621513	1815112	3.20588e+01	5.52678e+01	7.44980e+01	3.23085e+01	4942946	1.99520e+00	1.88275e+00	8.92230e-01
1257NIH	9.80429e-01	34290619	684507	29431959	2998725	1859935	5482678	589661	646255	3170	3646930	1835748	2.96508e+01	3.80010e+01	7.19819e+01	3.18311e+01	4858660	1.98662e+00	1.61227e+00	9.12428e-01
1756NIH	9.82220e-01	34353273	621853	29321816	3274814	1756643	5471748	615412	700938	3151	3647623	1824125	3.06413e+01	4.19110e+01	7.33634e+01	3.17875e+01	5031457	1.99966e+00	1.86425e+00	8.77984e-01
1674NIH	9.81754e-01	34336966	638160	29442716	3154078	1740172	5421189	575725	637508	19437	3605682	1815507	3.16274e+01	5.31545e+01	7.32194e+01	3.27000e+01	4894250	1.98605e+00	1.81251e+00	9.03087e-01
1846NIH	9.86439e-01	34500841	474285	29296282	3478780	1725779	5604424	630108	695805	50825	3734303	1870121	4.39320e+01	6.56162e+01	8.42895e+01	2.95762e+01	5204559	1.99682e+00	2.01577e+00	9.05581e-01
2076NIH	9.81981e-01	34344925	630201	28815436	3842342	1687147	5898889	626967	690779	68964	3928427	1970462	3.28852e+01	4.65915e+01	7.54849e+01	3.25744e+01	5529489	1.99366e+00	2.27742e+00	9.07623e-01
2606NIH	9.81720e-01	34335766	639360	29348940	3283634	1703192	5396401	611337	682279	36052	3594533	1801868	2.78159e+01	3.80534e+01	7.01530e+01	3.07538e+01	4986826	1.99489e+00	1.92793e+00	8.96022e-01
1420NIH	9.79978e-01	34274851	700275	29354888	3222640	1697323	5468830	549192	599264	15573	3651897	1816933	2.99086e+01	4.75119e+01	7.18793e+01	3.23417e+01	4919963	2.00992e+00	1.89866e+00	9.16444e-01
335NIH	9.88432e-01	34570525	404601	29389790	3429406	1751329	5531984	699560	700518	6966	3663896	1868088	9.27298e+01	6.92665e+01	8.98168e+01	2.57627e+01	5180735	1.96131e+00	1.95817e+00	9.98632e-01
1592NIH	9.81751e-01	34336869	638257	29317501	3250989	1768379	5507957	610025	669765	9748	3665636	1842321	3.13582e+01	3.79553e+01	7.54627e+01	3.17201e+01	5019368	1.98968e+00	1.83840e+00	9.10805e-01
1854NIH	9.80919e-01	34307749	667377	29403077	3160183	1744489	5468983	560205	619972	17633	3648228	1820755	2.95702e+01	5.19458e+01	6.99308e+01	3.29677e+01	4904672	2.00369e+00	1.81152e+00	9.03597e-01
2598NIH	9.84303e-01	34426113	549013	29450660	3264984	1710469	5431694	598267	655961	6071	3619586	1812108	3.57210e+01	5.36526e+01	7.98597e+01	3.12449e+01	4975453	1.99744e+00	1.90882e+00	9.12047e-01
394NIH	9.87457e-01	34536442	438684	29349743	3454169	1732530	5529745	674977	714506	5235	3670543	1859202	4.90571e+01	4.81086e+01	8.65176e+01	2.81186e+01	5186699	1.97426e+00	1.99371e+00	9.44676e-01
1489NIH	9.81607e-01	34331812	643314	29320175	3318315	1693322	5469401	588757	646801	29342	3639572	1829829	2.92679e+01	4.49573e+01	7.15775e+01	3.15058e+01	5011637	1.98902e+00	1.95965e+00	9.10260e-01
1289NIH	9.80963e-01	34309294	665832	29352854	3247130	1709310	5458697	570700	636350	23734	3638521	1820176	3.10044e+01	4.43872e+01	7.35561e+01	3.24544e+01	4956440	1.99899e+00	1.89967e+00	8.96834e-01
2403NIH	9.83248e-01	34389236	585890	29350193	3316204	1722839	5472055	610645	679180	15230	3649988	1822067	3.53613e+01	4.27572e+01	7.85391e+01	3.19476e+01	5039043	2.00321e+00	1.92485e+00	8.99092e-01
507NIH	9.81247e-01	34319251	655875	29399293	3195776	1724182	5412474	584052	647613	1919	3610217	1802257	2.94538e+01	3.76336e+01	7.24155e+01	3.11663e+01	4919958	2.00316e+00	1.85350e+00	9.01853e-01
849NIH	9.87959e-01	34553985	421141	29425528	3385696	1742761	5487278	672786	711153	8514	3642882	1844396	5.49592e+01	5.20581e+01	8.66612e+01	2.83087e+01	5128457	1.97511e+00	1.94272e+00	9.46050e-01
189NIH	9.79420e-01	34255326	719800	28901197	3627358	1726771	5801991	605899	673009	48469	3861040	1940951	2.96231e+01	3.79484e+01	7.18235e+01	3.26990e+01	5354129	1.98925e+00	2.10066e+00	9.00284e-01
756NIH	9.87553e-01	34539795	435331	29127829	3753539	1658427	5669187	675829	725377	6124	3768543	1900644	4.94814e+01	5.09194e+01	8.64142e+01	2.84363e+01	5411966	1.98277e+00	2.26331e+00	9.31693e-01
891NIH	9.81579e-01	34330863	644263	29391045	3205122	1734696	5431902	584834	657778	11698	3619548	1812354	3.30691e+01	5.22159e+01	7.54943e+01	3.23856e+01	4939818	1.99715e+00	1.84766e+00	8.89105e-01
228NIH	9.80396e-01	34289464	685662	29416978	3131013	1741473	5421220	563441	629297	7536	3613800	1807420	3.20207e+01	5.23887e+01	7.47111e+01	3.23598e+01	4872486	1.99942e+00	1.79791e+00	8.95350e-01
