Sample	callRate	nCalled	nNotCalled	nHomRef	nHet	nHomVar	nSNP	nInsertion	nDeletion	nSingleton	nTransition	nTransversion	dpMean	dpStDev	gqMean	gqStDev	nNonRef	rTiTv	rHetHomVar	rInsertionDeletion
PIE_OGI590_001215_1	9.78733e-01	364944	7930	301486	42336	21122	74041	4784	5521	204	51711	22330	7.18592e+01	7.39764e+01	8.22023e+01	3.12105e+01	63458	2.31576e+00	2.00436e+00	8.66510e-01
PIE_OGI993_001976_1	9.78891e-01	365003	7871	300797	42895	21311	74860	4770	5627	192	52373	22487	7.39622e+01	7.33539e+01	8.29719e+01	3.09111e+01	64206	2.32903e+00	2.01281e+00	8.47699e-01
PIE_OGI842_001831_1	9.69968e-01	361676	11198	298073	43130	20473	74656	4274	4866	522	52031	22625	6.52041e+01	6.90170e+01	7.86331e+01	3.35263e+01	63603	2.29971e+00	2.10668e+00	8.78339e-01
PIE_OGI842_001651_1	9.76282e-01	364030	8844	300389	42946	20695	74212	4624	5235	168	51768	22444	9.71532e+01	1.04410e+02	8.28517e+01	3.14389e+01	63641	2.30654e+00	2.07519e+00	8.83286e-01
PIE_OGI279_000604_1	9.73959e-01	363164	9710	299440	42743	20981	75160	4317	5005	575	52417	22743	7.37713e+01	7.94071e+01	8.04431e+01	3.26443e+01	63724	2.30475e+00	2.03722e+00	8.62537e-01
PIE_OGI841_001645_1	9.74613e-01	363408	9466	299834	42486	21088	74852	4409	5143	186	52184	22668	7.36205e+01	7.45436e+01	8.11032e+01	3.22358e+01	63574	2.30210e+00	2.01470e+00	8.57282e-01
PIE_OGI844_001660_1	9.74718e-01	363447	9427	300855	42448	20144	73159	4329	5021	156	51142	22017	7.55711e+01	7.94367e+01	8.10904e+01	3.21765e+01	62592	2.32284e+00	2.10723e+00	8.62179e-01
PIE_OGI842_001649_1	9.75080e-01	363582	9292	299273	43439	20870	75210	4502	5222	223	52480	22730	7.93318e+01	7.93580e+01	8.23686e+01	3.16709e+01	64309	2.30884e+00	2.08141e+00	8.62122e-01
PIE_OGI497_001023_1	9.77867e-01	364621	8253	300975	42460	21186	74812	4569	5188	567	52194	22618	8.29784e+01	8.68573e+01	8.26222e+01	3.12869e+01	63646	2.30763e+00	2.00415e+00	8.80686e-01
PIE_OGI834_001605_1	9.76091e-01	363959	8915	300526	42467	20966	74475	4499	5185	248	52024	22451	7.72637e+01	7.84859e+01	8.20681e+01	3.16041e+01	63433	2.31722e+00	2.02552e+00	8.67695e-01
PIE_OGI773_001511_1	9.73393e-01	362953	9921	299572	42832	20549	74401	4299	4988	183	51822	22579	7.78602e+01	8.26043e+01	8.09832e+01	3.23988e+01	63381	2.29514e+00	2.08438e+00	8.61868e-01
PIE_OGI691_001383_1	9.78961e-01	365029	7845	300519	43788	20722	74733	4856	5407	760	52191	22542	7.58796e+01	7.81546e+01	8.20439e+01	3.16227e+01	64510	2.31528e+00	2.11312e+00	8.98095e-01
PIE_OGI847_001678_1	9.76920e-01	364268	8606	287542	55136	21590	87274	5000	5793	5377	61190	26084	6.62392e+01	6.10276e+01	8.17693e+01	3.17271e+01	76726	2.34588e+00	2.55377e+00	8.63111e-01
PIE_OGI834_001602_1	9.74900e-01	363515	9359	300668	41985	20862	73879	4355	5211	184	51710	22169	5.97717e+01	5.40855e+01	8.00930e+01	3.27643e+01	62847	2.33254e+00	2.01251e+00	8.35732e-01
PIE_OGI845_001666_1	9.74324e-01	363300	9574	299920	42685	20695	74436	4424	4971	196	51895	22541	7.08605e+01	7.23540e+01	8.03256e+01	3.25845e+01	63380	2.30225e+00	2.06258e+00	8.89962e-01
PIE_OGI839_001632_1	9.77065e-01	364322	8552	300572	42451	21299	75063	4519	5250	204	52344	22719	8.06296e+01	8.06989e+01	8.25493e+01	3.14651e+01	63750	2.30397e+00	1.99310e+00	8.60762e-01
PIE_OGI499_001028_1	9.77260e-01	364395	8479	300666	43124	20605	74462	4490	5109	622	52019	22443	8.29188e+01	8.66671e+01	8.28056e+01	3.12577e+01	63729	2.31783e+00	2.09289e+00	8.78841e-01
PIE_OGI237_000523_1	9.71494e-01	362245	10629	299807	41541	20897	73743	4363	4979	277	51766	21977	7.82197e+01	8.90157e+01	7.70938e+01	3.48128e+01	62438	2.35546e+00	1.98789e+00	8.76280e-01
PIE_OGI837_001626_1	9.80691e-01	365674	7200	300660	44294	20720	75157	4899	5467	427	52144	23013	1.21225e+02	1.28309e+02	8.68796e+01	2.85820e+01	65014	2.26585e+00	2.13774e+00	8.96104e-01
PIE_OGI590_001918_1	9.82707e-01	366426	6448	300048	45255	21123	76085	5441	5714	953	52976	23109	1.32621e+02	1.32404e+02	8.98141e+01	2.53660e+01	66378	2.29244e+00	2.14245e+00	9.52223e-01
PIE_OGI846_001674_1	9.74450e-01	363347	9527	300425	42370	20552	73738	4420	5111	1068	51590	22148	8.75092e+01	9.40381e+01	7.95893e+01	3.35189e+01	62922	2.32933e+00	2.06160e+00	8.64801e-01
PIE_OGI947_001902_1	9.77513e-01	364489	8385	301011	43089	20389	73709	4592	5346	626	51396	22313	7.95672e+01	8.38271e+01	8.21412e+01	3.16096e+01	63478	2.30341e+00	2.11335e+00	8.58960e-01
PIE_OGI536_001098_1	9.71856e-01	362380	10494	298987	42490	20903	74757	4260	4980	169	52279	22478	7.01735e+01	7.57115e+01	7.97593e+01	3.28106e+01	63393	2.32579e+00	2.03272e+00	8.55422e-01
PIE_OGI845_001669_1	9.72736e-01	362708	10166	299085	43006	20617	74649	4301	4992	419	51968	22681	6.94196e+01	7.17852e+01	7.98238e+01	3.27988e+01	63623	2.29126e+00	2.08595e+00	8.61579e-01
PIE_OGI279_000648_1	9.75775e-01	363841	9033	299190	43912	20739	75455	4509	5188	601	52584	22871	8.92199e+01	9.87466e+01	8.19214e+01	3.18833e+01	64651	2.29916e+00	2.11736e+00	8.69121e-01
PIE_OGI827_001592_1	9.73790e-01	363101	9773	299998	42303	20800	74389	4264	5021	730	51987	22402	7.52632e+01	7.83052e+01	8.12833e+01	3.19518e+01	63103	2.32064e+00	2.03380e+00	8.49233e-01
PIE_OGI949_001907_1	9.77647e-01	364539	8335	300801	42673	21065	74520	4656	5327	226	52004	22516	7.28789e+01	7.86751e+01	8.08398e+01	3.22009e+01	63738	2.30965e+00	2.02578e+00	8.74038e-01
PIE_OGI773_001513_1	9.73731e-01	363079	9795	299165	43372	20542	74777	4379	5033	319	51954	22823	7.35220e+01	7.86397e+01	7.97352e+01	3.30712e+01	63914	2.27639e+00	2.11138e+00	8.70058e-01
PIE_OGI837_001621_1	9.76491e-01	364108	8766	300397	42167	21544	75271	4499	5228	166	52438	22833	7.76456e+01	8.03821e+01	8.22527e+01	3.14465e+01	63711	2.29659e+00	1.95725e+00	8.60559e-01
PIE_OGI694_001387_1	9.77266e-01	364397	8477	299576	43112	21709	76313	4575	5365	244	53233	23080	8.15316e+01	8.29799e+01	8.23731e+01	3.15946e+01	64821	2.30646e+00	1.98590e+00	8.52749e-01
PIE_OGI841_001648_1	9.73399e-01	362955	9919	299456	42407	21092	74885	4362	5097	500	52174	22711	7.25368e+01	7.39240e+01	8.04053e+01	3.27172e+01	63499	2.29730e+00	2.01057e+00	8.55798e-01
PIE_OGI299_001219_1	9.75340e-01	363679	9195	299558	41941	22180	76169	4576	5315	1022	53115	23054	6.43614e+01	6.49761e+01	7.94239e+01	3.29140e+01	64121	2.30394e+00	1.89094e+00	8.60960e-01
PIE_OGI948_001904_1	9.76223e-01	364008	8866	300086	43109	20813	74665	4496	5336	227	52313	22352	7.75110e+01	8.11610e+01	8.02363e+01	3.28199e+01	63922	2.34042e+00	2.07125e+00	8.42579e-01
PIE_OGI724_001440_1	9.72076e-01	362462	10412	298705	42006	21751	75948	4333	4978	496	53036	22912	6.79875e+01	7.16603e+01	7.91890e+01	3.33341e+01	63757	2.31477e+00	1.93122e+00	8.70430e-01
PIE_OGI947_001901_1	9.75785e-01	363845	9029	300349	42786	20710	73863	4675	5440	238	51547	22316	7.64701e+01	7.98118e+01	8.27286e+01	3.12643e+01	63496	2.30987e+00	2.06596e+00	8.59375e-01
PIE_OGI504_001041_1	9.75445e-01	363718	9156	299089	43960	20669	75377	4529	5103	774	52473	22904	7.19033e+01	7.44224e+01	8.04616e+01	3.25283e+01	64629	2.29100e+00	2.12686e+00	8.87517e-01
PIE_OGI902_001829_1	9.75989e-01	363921	8953	298312	44796	20813	76223	4488	5432	574	53034	23189	7.78991e+01	8.17624e+01	8.24323e+01	3.15069e+01	65609	2.28703e+00	2.15231e+00	8.26215e-01
PIE_OGI497_001021_1	9.71679e-01	362314	10560	299214	41972	21128	74686	4335	4913	242	52059	22627	6.42315e+01	6.78891e+01	7.84565e+01	3.34190e+01	63100	2.30075e+00	1.98656e+00	8.82353e-01
PIE_OGI917_001851_1	9.75386e-01	363696	9178	299273	43824	20599	75049	4442	5280	193	52368	22681	7.16999e+01	7.35199e+01	8.14396e+01	3.18869e+01	64423	2.30889e+00	2.12748e+00	8.41288e-01
PIE_OGI943_001893_1	9.76080e-01	363955	8919	299756	42537	21662	75628	4604	5357	731	52618	23010	7.60848e+01	8.14510e+01	7.96926e+01	3.30300e+01	64199	2.28674e+00	1.96367e+00	8.59436e-01
PIE_OGI694_001389_1	9.76480e-01	364104	8770	299843	42708	21553	75781	4470	5346	1071	52833	22948	7.59505e+01	7.81963e+01	8.00981e+01	3.28409e+01	64261	2.30229e+00	1.98153e+00	8.36139e-01
PIE_OGI504_001126_1	9.73779e-01	363097	9777	298450	43527	21120	75960	4425	5142	794	52949	23011	7.44525e+01	7.94465e+01	8.11884e+01	3.21195e+01	64647	2.30103e+00	2.06094e+00	8.60560e-01
PIE_OGI724_001439_1	9.76952e-01	364280	8594	299283	43672	21325	75964	4789	5308	215	52888	23076	8.78440e+01	9.23884e+01	8.21860e+01	3.18088e+01	64997	2.29191e+00	2.04792e+00	9.02223e-01
PIE_OGI299_001217_1	9.76115e-01	363968	8906	298525	44681	20762	76047	4514	5345	1156	53141	22906	7.38559e+01	7.67940e+01	8.03184e+01	3.25410e+01	65443	2.31996e+00	2.15206e+00	8.44528e-01
PIE_OGI841_001644_1	9.73570e-01	363019	9855	299485	42529	21005	74922	4340	5059	141	52154	22768	7.91952e+01	8.40679e+01	8.21176e+01	3.16135e+01	63534	2.29067e+00	2.02471e+00	8.57877e-01
PIE_OGI993_002030_1	9.76697e-01	364185	8689	300585	42580	21020	74446	4548	5352	621	52037	22409	7.35884e+01	7.52302e+01	8.20428e+01	3.15222e+01	63600	2.32215e+00	2.02569e+00	8.49776e-01
PIE_OGI834_001603_1	9.76697e-01	364185	8689	300543	42548	21094	74723	4505	5211	227	52114	22609	7.95427e+01	7.90978e+01	8.19101e+01	3.18406e+01	63642	2.30501e+00	2.01707e+00	8.64517e-01
PIE_OGI839_001638_1	9.75329e-01	363675	9199	300498	42113	21064	74529	4428	5065	467	51967	22562	7.56353e+01	7.61156e+01	8.19452e+01	3.17087e+01	63177	2.30330e+00	1.99929e+00	8.74235e-01
PIE_OGI237_001777_1	9.73653e-01	363050	9824	300872	41528	20650	73244	4309	5028	792	51199	22045	7.88693e+01	8.73726e+01	7.97367e+01	3.32039e+01	62178	2.32248e+00	2.01104e+00	8.57001e-01
PIE_OGI838_001629_1	9.73254e-01	362901	9973	299418	42188	21295	75388	4243	4916	462	52758	22630	7.02901e+01	7.20188e+01	8.01189e+01	3.27444e+01	63483	2.33133e+00	1.98112e+00	8.63100e-01
PIE_OGI849_001683_1	9.75600e-01	363776	9098	300568	42231	20977	74411	4466	5077	290	51965	22446	8.49184e+01	9.29456e+01	7.91339e+01	3.34552e+01	63208	2.31511e+00	2.01320e+00	8.79653e-01
PIE_OGI843_001654_1	9.74308e-01	363294	9580	299013	43633	20648	75079	4515	5136	237	52446	22633	6.56780e+01	6.08531e+01	8.06790e+01	3.23212e+01	64281	2.31724e+00	2.11318e+00	8.79089e-01
PIE_OGI828_001596_1	9.73517e-01	362999	9875	298935	42491	21573	75822	4479	5055	1040	52958	22864	7.18877e+01	7.48393e+01	7.99390e+01	3.29559e+01	64064	2.31622e+00	1.96964e+00	8.86053e-01
PIE_OGI844_001659_1	9.82973e-01	366525	6349	301419	44272	20834	75224	4816	5612	212	52371	22853	1.22864e+02	1.22491e+02	8.72234e+01	2.83419e+01	65106	2.29165e+00	2.12499e+00	8.58161e-01
PIE_OGI298_000653_1	9.75300e-01	363664	9210	301015	41646	21003	74034	4405	4985	234	51734	22300	7.69313e+01	8.29861e+01	8.08537e+01	3.24193e+01	62649	2.31991e+00	1.98286e+00	8.83651e-01
PIE_OGI694_001388_1	9.78583e-01	364888	7986	299263	44641	20984	76234	4677	5425	1233	53083	23151	8.28598e+01	8.23850e+01	8.34726e+01	3.07488e+01	65625	2.29290e+00	2.12738e+00	8.62120e-01
PIE_OGI849_001686_1	9.76829e-01	364234	8640	299993	43448	20793	74947	4618	5238	631	52167	22780	9.56462e+01	1.02473e+02	8.25927e+01	3.16061e+01	64241	2.29004e+00	2.08955e+00	8.81634e-01
PIE_OGI287_000618_1	9.76957e-01	364282	8592	300773	42369	21140	74777	4464	5169	600	52220	22557	8.16469e+01	8.49182e+01	8.19568e+01	3.17772e+01	63509	2.31502e+00	2.00421e+00	8.63610e-01
PIE_OGI298_000654_1	9.75622e-01	363784	9090	299760	42867	21157	75270	4541	5123	686	52525	22745	7.43893e+01	8.05573e+01	8.09350e+01	3.22258e+01	64024	2.30930e+00	2.02614e+00	8.86395e-01
PIE_OGI843_001655_1	9.74458e-01	363350	9524	298757	43582	21011	75520	4557	5274	321	52648	22872	7.58807e+01	7.43338e+01	8.04357e+01	3.26210e+01	64593	2.30185e+00	2.07425e+00	8.64050e-01
PIE_OGI853_001708_1	9.75898e-01	363887	8987	298546	42153	23188	78147	4504	5603	2901	54471	23676	8.20067e+01	8.91174e+01	8.17310e+01	3.20120e+01	65341	2.30068e+00	1.81788e+00	8.03855e-01
PIE_OGI419_000905_1	9.75952e-01	363907	8967	299977	42991	20939	75113	4414	5123	805	52426	22687	7.92923e+01	8.51342e+01	8.14598e+01	3.20149e+01	63930	2.31084e+00	2.05315e+00	8.61605e-01
PIE_OGI691_001381_1	9.76713e-01	364191	8683	300181	43135	20875	74692	4582	5400	240	52107	22585	6.89113e+01	7.52449e+01	8.09256e+01	3.20940e+01	64010	2.30715e+00	2.06635e+00	8.48519e-01
PIE_OGI847_001675_1	9.77043e-01	364314	8560	288764	53987	21563	86024	5000	5858	292	60211	25813	7.00607e+01	6.55942e+01	8.28958e+01	3.10402e+01	75550	2.33258e+00	2.50369e+00	8.53534e-01
PIE_OGI851_001697_1	9.81318e-01	365908	6966	302097	43009	20802	73652	5048	5681	737	51655	21997	6.29679e+01	5.69862e+01	8.28271e+01	3.00666e+01	63811	2.34827e+00	2.06754e+00	8.88576e-01
PIE_OGI851_001696_1	9.77319e-01	364417	8457	300113	43246	21058	74994	4758	5357	635	52472	22522	8.29893e+01	8.63145e+01	8.23694e+01	3.15408e+01	64304	2.32981e+00	2.05366e+00	8.88184e-01
PIE_OGI838_001627_1	9.72084e-01	362465	10409	299590	40294	22581	75933	4339	4945	401	53053	22880	6.59058e+01	6.74886e+01	7.89955e+01	3.32901e+01	62875	2.31875e+00	1.78442e+00	8.77452e-01
PIE_OGI837_001625_1	9.73361e-01	362941	9933	299938	41650	21353	75108	4141	4867	432	52365	22743	7.67206e+01	8.28557e+01	8.10585e+01	3.23833e+01	63003	2.30247e+00	1.95055e+00	8.50832e-01
PIE_OGI834_001606_1	9.74034e-01	363192	9682	301003	41339	20850	73780	4159	4842	309	51471	22309	6.67393e+01	6.78771e+01	7.97194e+01	3.27641e+01	62189	2.30719e+00	1.98269e+00	8.58943e-01
PIE_OGI857_001732_1	9.76708e-01	364189	8685	300764	42696	20729	74348	4337	5206	1127	51742	22606	9.49555e+01	1.07836e+02	8.32497e+01	3.10529e+01	63425	2.28886e+00	2.05972e+00	8.33077e-01
PIE_OGI902_001830_1	9.77837e-01	364610	8264	299842	44018	20750	75403	4442	5402	203	52542	22861	8.38080e+01	8.85276e+01	8.38690e+01	3.05786e+01	64768	2.29832e+00	2.12135e+00	8.22288e-01
PIE_OGI844_001665_1	9.70352e-01	361819	11055	299355	42090	20374	73643	4105	4831	431	51185	22458	6.79170e+01	7.10611e+01	7.90164e+01	3.34006e+01	62464	2.27914e+00	2.06587e+00	8.49721e-01
PIE_OGI298_001035_1	9.75311e-01	363668	9206	300285	42549	20834	74340	4507	5110	575	51975	22365	7.03767e+01	7.05722e+01	8.08716e+01	3.21763e+01	63383	2.32394e+00	2.04229e+00	8.81996e-01
PIE_OGI993_002031_1	9.76724e-01	364195	8679	300290	43020	20885	74477	4661	5408	782	51946	22531	7.02826e+01	7.12597e+01	8.17007e+01	3.16712e+01	63905	2.30553e+00	2.05985e+00	8.61871e-01
PIE_OGI949_001908_1	9.77083e-01	364329	8545	299975	43038	21316	75155	4772	5472	672	52368	22787	7.04535e+01	6.93089e+01	8.04797e+01	3.26721e+01	64354	2.29815e+00	2.01905e+00	8.72076e-01
PIE_OGI855_001722_1	9.74318e-01	363298	9576	300737	39041	23520	75931	4428	5480	1418	52933	22998	7.32084e+01	7.96300e+01	8.11822e+01	3.21342e+01	62561	2.30163e+00	1.65991e+00	8.08029e-01
PIE_OGI590_001917_1	9.76850e-01	364242	8632	300792	42587	20863	74204	4575	5317	644	51719	22485	7.26189e+01	7.53306e+01	8.15895e+01	3.18346e+01	63450	2.30016e+00	2.04127e+00	8.60448e-01
PIE_OGI841_001647_1	9.73165e-01	362868	10006	300290	41629	20949	73914	4323	5034	446	51519	22395	7.33547e+01	7.58682e+01	8.09428e+01	3.23393e+01	62578	2.30047e+00	1.98716e+00	8.58760e-01
PIE_OGI287_000619_1	9.73310e-01	362922	9952	300615	41691	20616	73450	4312	4907	677	51182	22268	7.64704e+01	8.37469e+01	8.06496e+01	3.26313e+01	62307	2.29846e+00	2.02226e+00	8.78745e-01
PIE_OGI691_001382_1	9.76453e-01	364094	8780	300944	41898	21252	74530	4504	5146	666	52014	22516	6.60151e+01	6.74706e+01	8.01915e+01	3.23578e+01	63150	2.31009e+00	1.97149e+00	8.75243e-01
PIE_OGI902_001828_1	9.73315e-01	362924	9950	298717	43550	20657	75088	4343	5202	542	52227	22861	7.34446e+01	8.15123e+01	8.07005e+01	3.25249e+01	64207	2.28455e+00	2.10824e+00	8.34871e-01
PIE_OGI948_001906_1	9.78454e-01	364840	8034	300091	43781	20968	75357	4629	5475	739	52588	22769	7.93909e+01	8.23440e+01	8.29738e+01	3.10690e+01	64749	2.30963e+00	2.08799e+00	8.45479e-01
PIE_OGI847_001677_1	9.76056e-01	363946	8928	288373	53769	21804	86475	4968	5642	4978	60469	26006	7.62251e+01	7.57349e+01	8.20319e+01	3.17571e+01	75573	2.32519e+00	2.46602e+00	8.80539e-01
PIE_OGI849_001687_1	9.71999e-01	362433	10441	299985	41943	20505	73532	4222	4953	620	51477	22055	7.87453e+01	8.45338e+01	7.96408e+01	3.33567e+01	62448	2.33403e+00	2.04550e+00	8.52413e-01
PIE_OGI943_001894_1	9.75740e-01	363828	9046	300095	42503	21230	75146	4463	5127	642	52499	22647	6.91337e+01	7.47508e+01	8.06174e+01	3.24072e+01	63733	2.31814e+00	2.00203e+00	8.70490e-01
PIE_OGI499_001027_1	9.74157e-01	363238	9636	301271	41163	20804	73167	4312	5023	612	50998	22169	7.44040e+01	7.80302e+01	8.11192e+01	3.22425e+01	61967	2.30042e+00	1.97861e+00	8.58451e-01
PIE_OGI724_001766_1	9.73736e-01	363081	9793	299133	42808	21140	75645	4404	4790	205	52825	22820	6.46931e+01	6.51464e+01	7.91815e+01	3.31298e+01	63948	2.31486e+00	2.02498e+00	9.19415e-01
PIE_OGI843_001657_1	9.82632e-01	366398	6476	300454	45042	20902	75495	5329	5778	661	52599	22896	1.24733e+02	1.05741e+02	8.99540e+01	2.53908e+01	65944	2.29730e+00	2.15491e+00	9.22291e-01
PIE_OGI948_001905_1	9.76115e-01	363968	8906	299667	43133	21168	75216	4602	5367	684	52596	22620	6.94822e+01	6.92143e+01	8.13590e+01	3.18860e+01	64301	2.32520e+00	2.03765e+00	8.57462e-01
PIE_OGI835_001610_1	9.83010e-01	366539	6335	300921	44714	20904	75647	4872	5727	1202	52581	23066	1.16780e+02	1.14932e+02	8.71356e+01	2.84572e+01	65618	2.27959e+00	2.13902e+00	8.50707e-01
PIE_OGI834_001604_1	9.72001e-01	362434	10440	300406	41545	20483	73314	4209	4757	227	51233	22081	6.53060e+01	6.67749e+01	7.87413e+01	3.33801e+01	62028	2.32023e+00	2.02827e+00	8.84801e-01
PIE_OGI313_000747_1	9.74471e-01	363355	9519	299331	42962	21062	75127	4410	5269	679	52320	22807	7.14181e+01	6.33891e+01	8.17665e+01	3.22900e+01	64024	2.29403e+00	2.03979e+00	8.36971e-01
PIE_OGI828_001595_1	9.75209e-01	363630	9244	299236	42861	21533	76092	4442	5107	812	53110	22982	7.97809e+01	8.30406e+01	8.16587e+01	3.18642e+01	64394	2.31094e+00	1.99048e+00	8.69787e-01
PIE_OGI843_001658_1	9.77164e-01	364359	8515	301391	41976	20992	74076	4439	5232	371	51962	22114	6.70986e+01	6.30347e+01	8.19169e+01	3.15256e+01	62968	2.34973e+00	1.99962e+00	8.48433e-01
PIE_OGI827_001591_1	9.78674e-01	364922	7952	302842	40881	21199	73288	4647	5100	153	51209	22079	7.82821e+01	8.22289e+01	8.24679e+01	3.09926e+01	62080	2.31935e+00	1.92844e+00	9.11176e-01
PIE_OGI773_001512_1	9.75439e-01	363716	9158	300273	42632	20811	74380	4493	5149	610	52077	22303	8.14774e+01	8.53392e+01	8.24190e+01	3.13897e+01	63443	2.33498e+00	2.04853e+00	8.72597e-01
PIE_OGI237_001776_1	9.73522e-01	363001	9873	299139	42856	21006	75244	4297	5080	696	52547	22697	7.53912e+01	7.72949e+01	8.02832e+01	3.29631e+01	63862	2.31515e+00	2.04018e+00	8.45866e-01
PIE_OGI299_000655_1	9.77006e-01	364300	8574	298760	44452	21088	76367	4620	5404	267	53274	23093	7.43507e+01	7.91018e+01	8.20420e+01	3.15804e+01	65540	2.30693e+00	2.10793e+00	8.54922e-01
PIE_OGI839_001637_1	9.73399e-01	362955	9919	300664	40845	21446	74469	4149	4875	505	52161	22308	6.91546e+01	7.39381e+01	7.98474e+01	3.28666e+01	62291	2.33822e+00	1.90455e+00	8.51077e-01
PIE_OGI949_001909_1	9.77732e-01	364571	8303	301296	42617	20658	73667	4641	5345	699	51551	22116	6.47100e+01	6.17519e+01	8.09244e+01	3.21195e+01	63275	2.33094e+00	2.06298e+00	8.68288e-01
PIE_OGI846_001673_1	9.75128e-01	363600	9274	300630	41919	21051	74234	4454	5092	961	51887	22347	7.77864e+01	7.97460e+01	8.06686e+01	3.28435e+01	62970	2.32188e+00	1.99131e+00	8.74705e-01
PIE_OGI836_001619_1	9.75281e-01	363657	9217	300451	42218	20988	74514	4398	5024	742	51904	22610	6.93404e+01	7.09185e+01	8.02032e+01	3.25964e+01	63206	2.29562e+00	2.01153e+00	8.75398e-01
PIE_OGI536_001100_1	9.75842e-01	363866	9008	299568	42983	21315	75579	4528	5234	735	52787	22792	7.58335e+01	8.12351e+01	8.15986e+01	3.18560e+01	64298	2.31603e+00	2.01656e+00	8.65113e-01
PIE_OGI943_001892_1	9.76625e-01	364158	8716	300129	42936	21093	75231	4465	5169	211	52475	22756	6.95337e+01	7.36916e+01	8.06803e+01	3.21818e+01	64029	2.30599e+00	2.03556e+00	8.63803e-01
PIE_OGI917_001854_1	9.75557e-01	363760	9114	299731	42951	21078	74942	4568	5313	871	52462	22480	6.49999e+01	6.60306e+01	8.06616e+01	3.22533e+01	64029	2.33372e+00	2.03772e+00	8.59778e-01
PIE_OGI299_000656_1	9.78103e-01	364709	8165	299343	44146	21220	76126	4670	5519	1161	53078	23048	7.15824e+01	7.61821e+01	8.13335e+01	3.19327e+01	65366	2.30293e+00	2.08040e+00	8.46168e-01
PIE_OGI836_001615_1	9.76437e-01	364088	8786	300375	42804	20909	74757	4456	5145	166	52301	22456	7.53457e+01	7.86091e+01	8.14747e+01	3.19517e+01	63713	2.32904e+00	2.04716e+00	8.66084e-01
PIE_OGI839_001631_1	9.76700e-01	364186	8688	299905	43048	21233	75490	4496	5267	215	52577	22913	8.33460e+01	8.47826e+01	8.22895e+01	3.17838e+01	64281	2.29464e+00	2.02741e+00	8.53617e-01
PIE_OGI419_000906_1	9.70620e-01	361919	10955	300781	38571	22567	74486	4164	4738	716	52138	22348	6.48446e+01	6.88330e+01	7.90070e+01	3.31432e+01	61138	2.33301e+00	1.70918e+00	8.78852e-01
PIE_OGI724_001441_1	9.74286e-01	363286	9588	298979	43458	20849	75412	4464	5002	509	52679	22733	6.80528e+01	6.94564e+01	7.98385e+01	3.28196e+01	64307	2.31729e+00	2.08442e+00	8.92443e-01
PIE_OGI287_000617_1	9.76721e-01	364194	8680	300817	42622	20755	74131	4538	5196	209	51553	22578	8.99087e+01	9.42209e+01	8.32819e+01	3.10821e+01	63377	2.28333e+00	2.05358e+00	8.73364e-01
PIE_OGI837_001620_1	9.74203e-01	363255	9619	300371	42132	20752	74087	4293	5013	135	51634	22453	7.76846e+01	7.98558e+01	8.19302e+01	3.17768e+01	62884	2.29965e+00	2.03026e+00	8.56373e-01
PIE_OGI497_001022_1	9.74450e-01	363347	9527	300288	42426	20633	74123	4294	4994	638	51844	22279	7.27978e+01	7.87916e+01	8.02661e+01	3.25918e+01	63059	2.32703e+00	2.05622e+00	8.59832e-01
PIE_OGI536_001099_1	9.76496e-01	364110	8764	300210	43179	20721	74778	4451	5146	663	52197	22581	8.52682e+01	9.24636e+01	8.23367e+01	3.15247e+01	63900	2.31155e+00	2.08383e+00	8.64944e-01
PIE_OGI313_001330_1	9.74659e-01	363425	9449	299657	42781	20987	75046	4414	5067	762	52226	22820	7.31637e+01	7.34537e+01	8.13615e+01	3.21628e+01	63768	2.28861e+00	2.03845e+00	8.71127e-01
PIE_OGI917_001853_1	9.76609e-01	364152	8722	299572	43921	20659	74993	4688	5339	786	52343	22650	7.16939e+01	7.33537e+01	8.15691e+01	3.18140e+01	64580	2.31095e+00	2.12600e+00	8.78067e-01
PIE_OGI838_001628_1	9.70475e-01	361865	11009	299059	40823	21983	75514	4146	4844	425	52806	22708	6.37991e+01	6.63053e+01	7.87015e+01	3.32699e+01	62806	2.32544e+00	1.85703e+00	8.55904e-01
PIE_OGI845_001667_1	9.73959e-01	363164	9710	300437	41909	20818	73998	4291	4992	173	51531	22467	7.29844e+01	7.78702e+01	8.06537e+01	3.23589e+01	62727	2.29363e+00	2.01311e+00	8.59575e-01
PIE_OGI827_001593_1	9.74723e-01	363449	9425	299240	43180	21029	75407	4478	5082	880	52552	22855	7.55987e+01	8.08165e+01	8.08072e+01	3.24773e+01	64209	2.29937e+00	2.05335e+00	8.81149e-01
PIE_OGI419_000891_1	9.75938e-01	363902	8972	298894	44220	20788	75949	4429	5197	224	52869	23080	8.24280e+01	8.52304e+01	8.22131e+01	3.16872e+01	65008	2.29068e+00	2.12719e+00	8.52222e-01
PIE_OGI852_001704_1	9.74206e-01	363256	9618	301295	38136	23825	75808	4436	5283	1372	52912	22896	6.82358e+01	7.13565e+01	8.09927e+01	3.20151e+01	61961	2.31097e+00	1.60067e+00	8.39674e-01
PIE_OGI279_000649_1	9.81490e-01	365972	6902	300518	44219	21235	76038	4910	5497	560	52754	23284	1.31139e+02	1.43046e+02	8.65530e+01	2.89169e+01	65454	2.26568e+00	2.08236e+00	8.93214e-01
PIE_OGI836_001618_1	9.73943e-01	363158	9716	299479	43200	20479	74372	4397	5141	706	51989	22383	7.50369e+01	7.50555e+01	8.17356e+01	3.18278e+01	63679	2.32270e+00	2.10948e+00	8.55281e-01
PIE_OGI902_001827_1	9.78534e-01	364870	8004	299435	44637	20798	75709	4686	5550	267	52619	23090	8.90345e+01	9.50024e+01	8.35612e+01	3.08922e+01	65435	2.27887e+00	2.14622e+00	8.44324e-01
PIE_OGI842_001653_1	9.77215e-01	364378	8496	301008	42687	20683	74087	4544	5177	408	51684	22403	8.94590e+01	9.39909e+01	8.33672e+01	3.09899e+01	63370	2.30701e+00	2.06387e+00	8.77728e-01
PIE_OGI947_001903_1	9.77113e-01	364340	8534	301176	42028	21136	74429	4506	5166	723	52137	22292	6.59431e+01	6.88380e+01	7.92222e+01	3.32551e+01	63164	2.33882e+00	1.98846e+00	8.72242e-01
PIE_OGI844_001664_1	9.76464e-01	364098	8776	300769	42767	20562	74145	4423	5065	515	51776	22369	8.03920e+01	8.70956e+01	8.16699e+01	3.19442e+01	63329	2.31463e+00	2.07990e+00	8.73248e-01
PIE_OGI845_001670_1	9.72095e-01	362469	10405	298932	42772	20765	74872	4332	4876	627	52257	22615	6.94440e+01	7.25376e+01	7.94680e+01	3.30843e+01	63537	2.31072e+00	2.05981e+00	8.88433e-01
PIE_OGI828_001594_1	9.75104e-01	363591	9283	298662	43919	21010	75939	4536	5151	231	52961	22978	7.92998e+01	8.34768e+01	8.17103e+01	3.18831e+01	64929	2.30486e+00	2.09039e+00	8.80606e-01
PIE_OGI773_001514_1	9.75163e-01	363613	9261	299772	42637	21204	75087	4450	5207	789	52337	22750	7.48414e+01	7.97322e+01	8.07090e+01	3.23323e+01	63841	2.30053e+00	2.01080e+00	8.54619e-01
